0.688236 0.000010 0.311754
0.704585 0.000010 0.295405
0.156011 0.000010 0.843979
0.348157 0.000010 0.651833
0.210954 0.000010 0.789036
0.132052 0.000010 0.867938
0.076561 0.882300 0.041139
0.073370 0.894309 0.032322
0.080720 0.870649 0.048630
0.006937 0.962493 0.030569
0.002379 0.962779 0.034841
0.000010 0.971973 0.028017
0.000010 0.968883 0.031107
0.000010 0.979782 0.020208
0.000010 0.965743 0.034247
0.002330 0.967558 0.030112
0.002000 0.962071 0.035928
0.074869 0.889224 0.035907
0.068598 0.892283 0.039119
0.069952 0.881796 0.048251
0.070367 0.882050 0.047583
0.075490 0.899782 0.024728
0.097941 0.849611 0.052448
0.093542 0.865783 0.040674
0.098057 0.851966 0.049977
0.051847 0.915802 0.032351
0.074644 0.888211 0.037145
0.058577 0.911309 0.030115
0.060581 0.907999 0.031420
0.053934 0.900281 0.045785
0.052161 0.911820 0.036019
0.040713 0.927536 0.031751
0.017329 0.963227 0.019444
0.017614 0.961926 0.020460
0.013898 0.957404 0.028698
0.011421 0.953331 0.035248
0.072440 0.900385 0.027176
0.085007 0.884491 0.030503
0.075606 0.887722 0.036672
0.011684 0.950371 0.037945
0.003650 0.946444 0.049906
0.000010 0.954364 0.045626
0.008859 0.947315 0.043826
0.016887 0.921330 0.061783
0.000010 0.966367 0.033623
0.009596 0.942839 0.047564
0.002082 0.961585 0.036333
0.013550 0.943468 0.042982
0.000878 0.963167 0.035955
0.009596 0.947404 0.043000
0.002773 0.959181 0.038046
0.018423 0.927042 0.054535
0.000010 0.976896 0.023094
0.012275 0.951669 0.036056
0.015050 0.941238 0.043712
0.000010 0.973521 0.026469
0.007290 0.982478 0.010232
0.001554 0.968772 0.029673
0.007551 0.965087 0.027361
0.067656 0.888056 0.044288
0.079067 0.884841 0.036091
0.018544 0.945871 0.035585
0.018416 0.948190 0.033394
0.000010 0.986133 0.013857
0.353057 0.000010 0.646933
0.352291 0.000010 0.647699
0.353833 0.000010 0.646157
0.000010 0.999980 0.000010
0.000010 0.999980 0.000010
0.000010 0.999980 0.000010
0.000010 0.999980 0.000010
0.000010 0.999980 0.000010
0.000010 0.999980 0.000010
0.000010 0.999980 0.000010
0.000010 0.999980 0.000010
0.000010 0.999980 0.000010
0.000010 0.999980 0.000010
0.000010 0.999980 0.000010
0.000010 0.999980 0.000010
0.003505 0.987380 0.009115
0.000010 0.999980 0.000010
0.000010 0.999980 0.000010
0.000010 0.999980 0.000010
0.000010 0.999980 0.000010
0.000010 0.999980 0.000010
0.000010 0.999980 0.000010
0.000010 0.999980 0.000010
0.060465 0.892081 0.047454
0.078049 0.871965 0.049986
0.363465 0.510332 0.126203
0.999980 0.000010 0.000010
0.999980 0.000010 0.000010
0.005601 0.961405 0.032994
0.018647 0.928370 0.052983
0.004701 0.963165 0.032134
0.021356 0.928253 0.050391
0.009712 0.959036 0.031251
0.009577 0.961786 0.028638
0.009718 0.980441 0.009841
0.003865 0.961787 0.034349
0.002050 0.967315 0.030636
0.013023 0.956781 0.030195
0.539503 0.234230 0.226267
0.543468 0.231873 0.224659
0.566213 0.216359 0.217428
0.566436 0.210747 0.222817
0.703349 0.000010 0.296641
0.717146 0.000010 0.282844
0.693103 0.000010 0.306887
0.711031 0.000010 0.288959
0.000010 0.000010 0.999980
0.000010 0.000010 0.999980
0.109948 0.494432 0.395620
0.000010 0.000010 0.999980
0.682481 0.000010 0.317509
0.702526 0.000010 0.297464
0.717912 0.000010 0.282078
0.672457 0.001651 0.325892
0.693109 0.000010 0.306881
0.709675 0.000010 0.290315
0.704853 0.000010 0.295137
0.709882 0.000010 0.290108
0.699800 0.000010 0.300190
0.698611 0.000010 0.301379
0.585560 0.000010 0.414430
0.716062 0.000010 0.283928
0.698007 0.000010 0.301983
0.000010 0.000010 0.999980
0.000010 0.000010 0.999980
0.000010 0.000010 0.999980
0.102432 0.487542 0.410026
0.068091 0.476375 0.455535
0.050077 0.479399 0.470524
0.000010 0.000010 0.999980
0.000010 0.000010 0.999980
0.698050 0.000010 0.301940
0.688574 0.000010 0.311416
0.699538 0.000010 0.300452
0.654855 0.000010 0.345135
0.709265 0.000010 0.290725
0.709792 0.000010 0.290198
0.701317 0.000010 0.298673
0.827295 0.000010 0.172695
0.317546 0.597225 0.085229
0.321341 0.576522 0.102137
0.315770 0.589713 0.094516
0.313141 0.598629 0.088230
0.917213 0.017132 0.065655
0.925723 0.008542 0.065734
0.999980 0.000010 0.000010
0.942393 0.000010 0.057597
0.855386 0.000010 0.144604
0.836472 0.000010 0.163518
0.795173 0.000010 0.204817
0.795754 0.000010 0.204236
0.788418 0.000010 0.211572
0.776344 0.000010 0.223646
0.065556 0.884071 0.050373
0.066076 0.705503 0.228421
0.841276 0.089085 0.069638
0.998627 0.001363 0.000010
0.067949 0.876712 0.055339
0.150718 0.788638 0.060644
0.070496 0.878076 0.051428
0.273416 0.638721 0.087863
0.992163 0.007827 0.000010
0.796703 0.000010 0.203287
0.792063 0.000010 0.207927
0.793566 0.000010 0.206424
0.842582 0.000010 0.157408
0.062695 0.864171 0.073135
0.999980 0.000010 0.000010
0.999980 0.000010 0.000010
0.999980 0.000010 0.000010
0.999980 0.000010 0.000010
0.999980 0.000010 0.000010
0.999980 0.000010 0.000010
0.999980 0.000010 0.000010
0.894026 0.027409 0.078565
0.390092 0.475724 0.134183
0.274628 0.627970 0.097402
0.258161 0.650115 0.091725
0.317224 0.582571 0.100204
0.394837 0.451157 0.154006
0.075804 0.851964 0.072232
0.022809 0.935173 0.042018
0.999005 0.000985 0.000010
0.230266 0.685144 0.084591
0.999980 0.000010 0.000010
0.093561 0.850223 0.056216
0.682690 0.214585 0.102724
0.999980 0.000010 0.000010
0.024723 0.866207 0.109070
0.040512 0.812218 0.147270
0.085294 0.840255 0.074451
0.090554 0.842391 0.067055
0.783512 0.000010 0.216478
