0.681127 0.000010 0.318843 0.000010 0.000010
0.696219 0.000010 0.303751 0.000010 0.000010
0.000010 0.000010 0.999960 0.000010 0.000010
0.316075 0.000012 0.683893 0.000010 0.000010
0.158473 0.000010 0.841497 0.000010 0.000010
0.000010 0.000010 0.999960 0.000010 0.000010
0.025578 0.443687 0.000010 0.295010 0.235715
0.006405 0.519815 0.000010 0.203487 0.270283
0.032346 0.440738 0.000010 0.284695 0.242211
0.000010 0.248772 0.000010 0.704157 0.047051
0.000010 0.295057 0.000010 0.657516 0.047407
0.000010 0.000010 0.000010 0.999960 0.000010
0.000010 0.000010 0.000010 0.999960 0.000010
0.000010 0.000010 0.000010 0.999960 0.000010
0.000010 0.000010 0.000010 0.999960 0.000010
0.000010 0.223064 0.000010 0.771673 0.005243
0.000010 0.160499 0.000010 0.839471 0.000010
0.000010 0.643962 0.000010 0.000010 0.356008
0.000010 0.641616 0.000010 0.015022 0.343343
0.017969 0.487569 0.000010 0.239595 0.254857
0.022693 0.468411 0.000010 0.271229 0.237657
0.000010 0.644040 0.000010 0.000010 0.355930
0.052719 0.437886 0.000010 0.265497 0.243888
0.044863 0.462057 0.000010 0.259228 0.233842
0.049565 0.454278 0.000010 0.253226 0.242921
0.018690 0.585463 0.000010 0.214982 0.180855
0.033855 0.512833 0.000010 0.251037 0.202265
0.024572 0.582610 0.000010 0.211919 0.180888
0.022647 0.555813 0.000010 0.237929 0.183600
0.023912 0.544030 0.000010 0.237791 0.194257
0.021788 0.550097 0.000010 0.245312 0.182794
0.017698 0.631661 0.000792 0.203117 0.146732
0.000010 0.600986 0.000010 0.286328 0.112667
0.000010 0.580261 0.000010 0.294907 0.124812
0.000010 0.596334 0.000010 0.280457 0.123188
0.000010 0.271637 0.000010 0.656339 0.072003
0.000010 0.632683 0.000010 0.000010 0.367287
0.000010 0.576609 0.000010 0.094062 0.329310
0.006018 0.553927 0.000010 0.149521 0.290523
0.000010 0.376608 0.000010 0.511794 0.111578
0.000010 0.398791 0.000010 0.478764 0.122425
0.000010 0.367341 0.000010 0.529670 0.102969
0.000010 0.381446 0.000010 0.503856 0.114678
0.000010 0.335178 0.002901 0.493507 0.168403
0.000010 0.000010 0.000010 0.999960 0.000010
0.000010 0.279504 0.000010 0.606429 0.114047
0.000010 0.302655 0.000010 0.613069 0.084255
0.000010 0.303278 0.000010 0.578111 0.118591
0.000010 0.000010 0.000010 0.999960 0.000010
0.000010 0.346893 0.000010 0.531088 0.121999
0.000010 0.244217 0.000010 0.681933 0.073830
0.000010 0.312354 0.000010 0.539932 0.147694
0.000010 0.000010 0.000010 0.999960 0.000010
0.000010 0.299518 0.000010 0.591704 0.108758
0.000010 0.350510 0.000010 0.525990 0.123480
0.000010 0.000010 0.000010 0.999960 0.000010
0.000010 0.490884 0.000010 0.441280 0.067816
0.000010 0.524689 0.000010 0.390111 0.085180
0.000010 0.544197 0.000010 0.354267 0.101516
0.014138 0.498243 0.000010 0.242588 0.245020
0.000010 0.610953 0.000010 0.026077 0.362950
0.000010 0.518029 0.000010 0.340223 0.141728
0.000010 0.507994 0.000010 0.353420 0.138566
0.000010 0.582255 0.000010 0.384681 0.033044
0.314192 0.000013 0.685768 0.000017 0.000010
0.315657 0.000010 0.684313 0.000010 0.000010
0.319404 0.000010 0.680566 0.000010 0.000010
0.000010 0.999960 0.000010 0.000010 0.000010
0.000010 0.999960 0.000010 0.000010 0.000010
0.000010 0.999960 0.000010 0.000010 0.000010
0.000010 0.999960 0.000010 0.000010 0.000010
0.000010 0.999960 0.000010 0.000010 0.000010
0.000010 0.999960 0.000010 0.000010 0.000010
0.000010 0.999959 0.000010 0.000011 0.000010
0.000010 0.814400 0.000010 0.185570 0.000010
0.000010 0.999959 0.000010 0.000011 0.000010
0.000010 0.999960 0.000010 0.000010 0.000010
0.000010 0.999960 0.000010 0.000010 0.000010
0.000010 0.999960 0.000010 0.000010 0.000010
0.000010 0.796823 0.005505 0.194492 0.003170
0.000010 0.999960 0.000010 0.000010 0.000010
0.000010 0.999960 0.000010 0.000010 0.000010
0.000010 0.999960 0.000010 0.000010 0.000010
0.000010 0.999960 0.000010 0.000010 0.000010
0.000010 0.999960 0.000010 0.000010 0.000010
0.000010 0.999960 0.000010 0.000010 0.000010
0.000010 0.999960 0.000010 0.000010 0.000010
0.015464 0.438385 0.000010 0.322836 0.223304
0.026512 0.424434 0.000010 0.303163 0.245881
0.287535 0.076519 0.010209 0.197268 0.428469
0.871200 0.000010 0.000010 0.000010 0.128770
0.872396 0.000010 0.000010 0.000010 0.127574
0.000010 0.000010 0.000010 0.999960 0.000010
0.000010 0.322931 0.000010 0.531874 0.145175
0.000011 0.268389 0.000010 0.659048 0.072542
0.000010 0.316599 0.000010 0.537624 0.145757
0.000010 0.472009 0.000010 0.417355 0.110617
0.000010 0.457217 0.000010 0.434671 0.108093
0.000010 0.476484 0.000010 0.446413 0.077083
0.000010 0.487518 0.000010 0.408368 0.104094
0.000010 0.446040 0.000010 0.459234 0.094706
0.000020 0.490943 0.000010 0.386907 0.122120
0.474950 0.000010 0.161104 0.087166 0.276770
0.477432 0.000010 0.157579 0.075175 0.289805
0.499982 0.009724 0.152832 0.061146 0.276316
0.501120 0.000010 0.162305 0.071563 0.265002
0.695673 0.000010 0.304297 0.000010 0.000010
0.712044 0.000010 0.287926 0.000010 0.000010
0.685000 0.000010 0.314970 0.000010 0.000010
0.706757 0.000010 0.293213 0.000010 0.000010
0.000010 0.000010 0.999960 0.000010 0.000010
0.000010 0.000010 0.999960 0.000010 0.000010
0.000010 0.000010 0.000010 0.000010 0.999960
0.000010 0.000010 0.999960 0.000010 0.000010
0.674348 0.000010 0.325622 0.000010 0.000010
0.696869 0.000010 0.303101 0.000010 0.000010
0.714788 0.000010 0.285181 0.000010 0.000010
0.651358 0.000010 0.326482 0.000010 0.022140
0.688304 0.000014 0.311663 0.000010 0.000010
0.706964 0.000010 0.293006 0.000010 0.000010
0.695418 0.000010 0.304552 0.000010 0.000010
0.702594 0.000010 0.297376 0.000010 0.000010
0.694167 0.000010 0.305803 0.000010 0.000010
0.691447 0.000010 0.308523 0.000010 0.000010
0.566523 0.000010 0.433447 0.000010 0.000010
0.712742 0.000010 0.287228 0.000010 0.000010
0.690745 0.000010 0.309225 0.000010 0.000010
0.000010 0.000010 0.999960 0.000010 0.000010
0.000010 0.000010 0.999960 0.000010 0.000010
0.000010 0.000010 0.999960 0.000010 0.000010
0.000010 0.000010 0.000010 0.000010 0.999960
0.000010 0.000010 0.000010 0.000010 0.999960
0.000010 0.000010 0.000010 0.000010 0.999960
0.000010 0.000010 0.999960 0.000010 0.000010
0.000010 0.000010 0.999960 0.000010 0.000010
0.691662 0.000010 0.308308 0.000010 0.000010
0.686224 0.000010 0.313746 0.000010 0.000010
0.694884 0.000010 0.305086 0.000010 0.000010
0.639798 0.000010 0.360172 0.000010 0.000010
0.707947 0.000010 0.292023 0.000010 0.000010
0.701441 0.000010 0.298529 0.000010 0.000010
0.693440 0.000010 0.306530 0.000010 0.000010
0.822383 0.000010 0.177587 0.000010 0.000010
0.000010 0.000010 0.000010 0.000010 0.999960
0.240889 0.147389 0.000010 0.185888 0.425825
0.214268 0.140706 0.000010 0.176575 0.468442
0.000010 0.000010 0.000010 0.000010 0.999960
0.892198 0.000010 0.016455 0.000010 0.091328
0.893997 0.000010 0.022688 0.000010 0.083294
0.999960 0.000010 0.000010 0.000010 0.000010
0.912603 0.000010 0.009492 0.000010 0.077885
0.848766 0.000010 0.151204 0.000010 0.000010
0.833366 0.000010 0.166604 0.000010 0.000010
0.768148 0.000010 0.194366 0.000010 0.037466
0.774245 0.000010 0.192091 0.000010 0.033644
0.761129 0.000010 0.192738 0.000010 0.046113
0.759956 0.000010 0.216166 0.000010 0.023858
0.014985 0.431984 0.000010 0.308364 0.244657
0.000010 0.110871 0.088428 0.319441 0.481250
0.781190 0.000010 0.000010 0.000010 0.218780
0.860917 0.000010 0.000010 0.000010 0.139053
0.019748 0.426064 0.000010 0.307300 0.246878
0.096942 0.380370 0.000010 0.240789 0.281889
0.024770 0.453873 0.000010 0.282816 0.238531
0.196911 0.207887 0.000010 0.209310 0.385882
0.859289 0.000010 0.000010 0.000010 0.140681
0.774227 0.000010 0.196671 0.000010 0.029082
0.771810 0.000010 0.203166 0.000010 0.025003
0.757956 0.000010 0.193795 0.000010 0.048230
0.838572 0.000010 0.161398 0.000010 0.000010
0.017590 0.297474 0.002684 0.410600 0.271652
0.999960 0.000010 0.000010 0.000010 0.000010
0.999960 0.000010 0.000010 0.000010 0.000010
0.999960 0.000010 0.000010 0.000010 0.000010
0.999960 0.000010 0.000010 0.000010 0.000010
0.999960 0.000010 0.000010 0.000010 0.000010
0.999960 0.000010 0.000010 0.000010 0.000010
0.999960 0.000010 0.000010 0.000010 0.000010
0.867864 0.000010 0.037326 0.000010 0.094790
0.307545 0.082049 0.031317 0.161688 0.417401
0.197713 0.212679 0.000010 0.186144 0.403454
0.186889 0.204538 0.000010 0.233889 0.374674
0.243074 0.170695 0.002481 0.191017 0.392733
0.311300 0.060525 0.052040 0.161001 0.415135
0.024534 0.334991 0.000010 0.348247 0.292218
0.000010 0.514353 0.000010 0.315559 0.170068
0.862402 0.000010 0.000010 0.000010 0.137568
0.163774 0.256779 0.000010 0.225212 0.354225
0.999960 0.000010 0.000010 0.000010 0.000010
0.036109 0.381589 0.000010 0.293545 0.288746
0.620659 0.000010 0.000010 0.000010 0.379311
0.878925 0.000010 0.000010 0.000010 0.121045
0.000010 0.304343 0.023534 0.412000 0.260113
0.000010 0.240754 0.048776 0.383361 0.327099
0.031548 0.355516 0.000010 0.311256 0.301670
0.031509 0.311866 0.000010 0.352872 0.303743
0.755511 0.000010 0.205723 0.000010 0.038746
0.000010 0.240518 0.000010 0.748828 0.010634
0.000010 0.384009 0.000010 0.531471 0.084501
0.000010 0.000010 0.000010 0.999960 0.000010
0.000010 0.305469 0.000010 0.644414 0.050096
0.000010 0.000010 0.000010 0.999960 0.000010
0.000010 0.303515 0.000010 0.632654 0.063811
0.000010 0.000010 0.000010 0.999960 0.000010
0.000010 0.294089 0.000010 0.645904 0.059987
0.000010 0.297532 0.000010 0.657371 0.045078
0.000010 0.343787 0.000010 0.571871 0.084322
0.000010 0.000010 0.000010 0.999960 0.000010
0.000010 0.191872 0.003355 0.804753 0.000010
0.000010 0.181904 0.000010 0.818066 0.000010
0.000010 0.287407 0.000010 0.643792 0.068781
0.000010 0.343955 0.000010 0.525023 0.131002
0.000010 0.342850 0.000010 0.573481 0.083648
0.000010 0.000010 0.000010 0.999960 0.000010
0.000010 0.000010 0.000010 0.999960 0.000010
0.000010 0.331322 0.000010 0.591951 0.076706
0.030128 0.423169 0.000010 0.320982 0.225711
0.000010 0.322539 0.062794 0.381906 0.232752
0.170584 0.000010 0.644433 0.000010 0.184963
0.029806 0.434574 0.000010 0.287826 0.247784
0.186767 0.196943 0.000010 0.221303 0.394977
0.000010 0.464650 0.000010 0.398272 0.137058
0.006625 0.434607 0.000010 0.340605 0.218153
0.000010 0.378658 0.045401 0.365302 0.210629
0.000010 0.353893 0.042164 0.399394 0.204538
0.000010 0.375554 0.037269 0.377238 0.209929
0.000010 0.383731 0.042622 0.367419 0.206218
0.000010 0.384708 0.035563 0.376540 0.203179
0.030234 0.418344 0.000010 0.296926 0.254485
0.000010 0.415035 0.000010 0.428639 0.156306
0.000010 0.370629 0.036435 0.381720 0.211206
