0.688112 0.000010 0.311878
0.704638 0.000010 0.295352
0.000010 0.000010 0.999980
0.323807 0.000010 0.676183
0.157322 0.000010 0.842668
0.000010 0.000010 0.999980
0.074827 0.890038 0.035135
0.071913 0.903495 0.024592
0.076972 0.878811 0.044217
0.000010 0.981384 0.018606
0.000010 0.978853 0.021137
0.000010 0.996542 0.003448
0.000010 0.997003 0.002987
0.000010 0.999980 0.000010
0.000010 0.989454 0.010536
0.000010 0.987905 0.012085
0.000010 0.984386 0.015604
0.074459 0.894241 0.031300
0.073064 0.898424 0.028511
0.069874 0.891885 0.038241
0.069393 0.892071 0.038536
0.075567 0.904981 0.019452
0.098249 0.855943 0.045809
0.093264 0.872503 0.034233
0.096190 0.861006 0.042805
0.053624 0.923047 0.023329
0.073360 0.896200 0.030439
0.058090 0.917034 0.024877
0.056541 0.915481 0.027978
0.055120 0.908000 0.036880
0.054954 0.916102 0.028943
0.040419 0.934847 0.024734
0.018502 0.971097 0.010401
0.020066 0.968363 0.011571
0.011015 0.967607 0.021378
0.006214 0.971387 0.022399
0.074550 0.904461 0.020989
0.082405 0.890707 0.026888
0.075820 0.894034 0.030147
0.010829 0.961516 0.027655
0.003094 0.960851 0.036055
0.000010 0.965464 0.034526
0.005626 0.960252 0.034122
0.016377 0.931245 0.052378
0.000010 0.976076 0.023914
0.006756 0.956211 0.037034
0.002349 0.971965 0.025685
0.008207 0.956467 0.035326
0.000010 0.971783 0.028207
0.006883 0.960235 0.032882
0.000474 0.969902 0.029624
0.014259 0.942531 0.043210
0.000010 0.987525 0.012465
0.007472 0.964454 0.028074
0.010714 0.955963 0.033323
0.000010 0.982070 0.017920
0.005136 0.991403 0.003461
0.000010 0.980303 0.019687
0.007306 0.971061 0.021634
0.063557 0.899623 0.036820
0.079994 0.889794 0.030212
0.018826 0.954582 0.026592
0.017845 0.959300 0.022855
0.000010 0.997901 0.002089
0.322180 0.000010 0.677810
0.322466 0.000010 0.677524
0.325790 0.000010 0.674200
0.000010 0.999980 0.000010
0.000010 0.999980 0.000010
0.000010 0.999980 0.000010
0.000010 0.999980 0.000010
0.000010 0.999980 0.000010
0.000010 0.999980 0.000010
0.000010 0.999980 0.000010
0.000010 0.999980 0.000010
0.000010 0.999980 0.000010
0.000010 0.999980 0.000010
0.000010 0.999980 0.000010
0.000010 0.999980 0.000010
0.000010 0.999980 0.000010
0.000010 0.999980 0.000010
0.000010 0.999980 0.000010
0.000010 0.999980 0.000010
0.000010 0.999980 0.000010
0.000010 0.999980 0.000010
0.000010 0.999980 0.000010
0.000010 0.999980 0.000010
0.056494 0.903141 0.040365
0.074888 0.884913 0.040199
0.374583 0.507776 0.117642
0.999980 0.000010 0.000010
0.999980 0.000010 0.000010
0.000642 0.978027 0.021330
0.018996 0.941379 0.039625
0.001039 0.974703 0.024258
0.018705 0.943768 0.037527
0.005621 0.972702 0.021677
0.011044 0.971215 0.017741
0.003147 0.993383 0.003470
0.004889 0.970525 0.024586
0.006810 0.974111 0.019079
0.008009 0.968582 0.023409
0.542696 0.228539 0.228764
0.548472 0.225003 0.226525
0.569973 0.212639 0.217388
0.567229 0.206812 0.225959
0.701892 0.000010 0.298098
0.719060 0.000010 0.280930
0.691221 0.000010 0.308769
0.713487 0.000010 0.286503
0.000010 0.000010 0.999980
0.000010 0.000010 0.999980
0.102575 0.490071 0.407354
0.000010 0.000010 0.999980
0.680510 0.000010 0.319480
0.703326 0.000010 0.296664
0.722367 0.000010 0.277623
0.670226 0.000010 0.329764
0.693076 0.000010 0.306914
0.713513 0.000010 0.286477
0.703034 0.000010 0.296956
0.710910 0.000010 0.289080
0.700349 0.000010 0.299641
0.697286 0.000010 0.302704
0.575027 0.000010 0.424963
0.721011 0.000010 0.278979
0.695869 0.000010 0.304121
0.000010 0.000010 0.999980
0.000010 0.000010 0.999980
0.000010 0.000010 0.999980
0.095586 0.483731 0.420684
0.063656 0.468763 0.467581
0.044726 0.473531 0.481743
0.000019 0.000010 0.999971
0.000010 0.000010 0.999980
0.698693 0.000010 0.301297
0.690960 0.000010 0.309030
0.702181 0.000010 0.297809
0.650007 0.000010 0.349983
0.715596 0.000010 0.284394
0.709415 0.000010 0.290575
0.699537 0.000010 0.300453
0.833273 0.000010 0.166717
0.324031 0.594842 0.081127
0.327301 0.570893 0.101806
0.325633 0.586988 0.087379
0.325454 0.594165 0.080382
0.952576 0.000010 0.047414
0.956188 0.000010 0.043802
0.999980 0.000010 0.000010
0.972756 0.000010 0.027234
0.860152 0.000010 0.139838
0.844697 0.000010 0.155293
0.799323 0.000010 0.200667
0.802153 0.000010 0.197837
0.795261 0.000010 0.204729
0.783251 0.000010 0.216739
0.060984 0.893714 0.045302
0.060567 0.705830 0.233603
0.858642 0.080661 0.060697
0.999980 0.000010 0.000010
0.064893 0.888384 0.046723
0.152583 0.793490 0.053927
0.067505 0.888154 0.044342
0.275747 0.638069 0.086185
0.999980 0.000010 0.000010
0.801323 0.000010 0.198667
0.796941 0.000010 0.203049
0.793651 0.000010 0.206339
0.849201 0.000010 0.150789
0.061417 0.869097 0.069485
0.999980 0.000010 0.000010
0.999980 0.000010 0.000010
0.999980 0.000010 0.000010
0.999980 0.000010 0.000010
0.999980 0.000010 0.000010
0.999980 0.000010 0.000010
0.999980 0.000010 0.000010
0.926526 0.005250 0.068224
0.396470 0.471592 0.131938
0.277651 0.628017 0.094333
0.261905 0.651904 0.086191
0.323179 0.579551 0.097270
0.397657 0.447902 0.154441
0.076165 0.860250 0.063585
0.024703 0.945436 0.029862
0.999980 0.000010 0.000010
0.235693 0.687178 0.077129
0.999980 0.000010 0.000010
0.093196 0.855711 0.051093
0.693422 0.209947 0.096631
0.999980 0.000010 0.000010
0.023810 0.873241 0.102949
0.038919 0.815369 0.145712
0.083361 0.849350 0.067289
0.090225 0.851172 0.058603
0.786044 0.000010 0.213946
0.000010 0.986261 0.013729
0.010899 0.977698 0.011403
0.000010 0.990884 0.009106
0.004966 0.981576 0.013458
0.000010 0.993248 0.006742
0.000010 0.980284 0.019706
0.000010 0.999980 0.000010
0.000010 0.982939 0.017051
0.002755 0.986060 0.011186
0.007577 0.971820 0.020603
0.000010 0.986910 0.013080
0.000010 0.983056 0.016934
0.000010 0.986997 0.012993
0.000010 0.981401 0.018589
0.013496 0.955076 0.031428
0.000010 0.971697 0.028293
0.000010 0.991603 0.008387
0.000010 0.986122 0.013868
0.008263 0.975165 0.016571
0.072131 0.888855 0.039014
0.000964 0.849817 0.149218
0.217098 0.093311 0.689591
0.074975 0.881471 0.043554
0.268476 0.644256 0.087268
0.015565 0.952398 0.032037
0.050888 0.917205 0.031907
0.010307 0.877058 0.112635
0.013102 0.880806 0.106093
0.003269 0.887120 0.109611
0.000010 0.883639 0.116351
0.008799 0.889858 0.101343
0.078888 0.879774 0.041338
0.019323 0.943966 0.036711
0.005022 0.887015 0.107964
