0.284762 0.003559 0.000010 0.000010 0.697399 0.000010 0.014250
0.274487 0.000010 0.000010 0.000010 0.712020 0.000010 0.013453
0.816297 0.000010 0.000010 0.000010 0.183653 0.000010 0.000010
0.595109 0.000010 0.000010 0.000010 0.404841 0.000010 0.000010
0.765086 0.000010 0.000010 0.000010 0.234864 0.000010 0.000010
0.835663 0.000010 0.000010 0.000010 0.164287 0.000010 0.000010
0.000010 0.128953 0.171797 0.304560 0.000732 0.347915 0.046032
0.000010 0.101614 0.337575 0.234228 0.000010 0.298517 0.028046
0.000010 0.140341 0.155866 0.292966 0.009635 0.356830 0.044352
0.000010 0.062683 0.063316 0.542654 0.000010 0.331317 0.000010
0.000010 0.059475 0.068633 0.505198 0.000010 0.366663 0.000010
0.000010 0.000010 0.000010 0.999940 0.000010 0.000010 0.000010
0.000010 0.000010 0.000010 0.999940 0.000010 0.000010 0.000010
0.000010 0.000010 0.000010 0.999940 0.000010 0.000010 0.000010
0.000010 0.046792 0.066788 0.549696 0.000010 0.336694 0.000010
0.000010 0.053186 0.052020 0.541503 0.000010 0.353261 0.000010
0.000010 0.058290 0.074540 0.549377 0.000010 0.317764 0.000010
0.000010 0.000010 0.999940 0.000010 0.000010 0.000010 0.000010
0.000010 0.000010 0.999940 0.000010 0.000010 0.000010 0.000010
0.000010 0.126066 0.240596 0.259814 0.003901 0.335702 0.033910
0.000010 0.131092 0.168829 0.282910 0.000010 0.371573 0.045575
0.000010 0.000012 0.999938 0.000010 0.000010 0.000010 0.000010
0.000010 0.142940 0.150509 0.287581 0.024382 0.345883 0.048695
0.000010 0.129884 0.146261 0.279260 0.012589 0.376687 0.055308
0.001916 0.128711 0.164729 0.276711 0.010867 0.352295 0.064770
0.000010 0.096017 0.130493 0.246931 0.003446 0.493234 0.029870
0.000010 0.113707 0.144723 0.273211 0.012422 0.417942 0.037985
0.000010 0.097959 0.135604 0.232527 0.010898 0.496252 0.026751
0.000010 0.100796 0.130537 0.247250 0.000716 0.480787 0.039904
0.006586 0.110641 0.142993 0.244575 0.000527 0.461490 0.033188
0.000010 0.106847 0.124914 0.256516 0.004096 0.479307 0.028309
0.003465 0.078696 0.107692 0.220629 0.000010 0.560898 0.028610
0.000010 0.066420 0.118837 0.280415 0.000010 0.534297 0.000010
0.000010 0.075891 0.111557 0.286285 0.000010 0.526238 0.000010
0.000768 0.064225 0.118115 0.287242 0.000010 0.525992 0.003648
0.000010 0.075352 0.077331 0.516500 0.000010 0.330787 0.000010
0.000010 0.000010 0.999936 0.000010 0.000010 0.000014 0.000010
0.000010 0.000010 0.999940 0.000010 0.000010 0.000010 0.000010
0.000010 0.089725 0.415372 0.200722 0.004208 0.269306 0.020656
0.000010 0.084873 0.083368 0.458471 0.000010 0.373258 0.000010
0.000010 0.094348 0.092172 0.432239 0.000010 0.381212 0.000010
0.000010 0.076590 0.084595 0.485560 0.000010 0.353225 0.000010
0.000010 0.088901 0.081117 0.457124 0.000010 0.372827 0.000010
0.008016 0.122880 0.098861 0.448661 0.000010 0.320966 0.000607
0.000010 0.000010 0.000010 0.999940 0.000010 0.000010 0.000010
0.000010 0.095321 0.079820 0.522718 0.000010 0.302111 0.000010
0.000010 0.064233 0.052095 0.575275 0.000010 0.308368 0.000010
0.000010 0.103218 0.079493 0.484494 0.000010 0.332765 0.000010
0.000010 0.000010 0.000010 0.999940 0.000010 0.000010 0.000010
0.000010 0.093163 0.084083 0.478270 0.000010 0.344455 0.000010
0.000010 0.057585 0.000015 0.666770 0.000010 0.275600 0.000010
0.001533 0.118808 0.077544 0.497102 0.000010 0.304993 0.000010
0.000010 0.000010 0.000010 0.999940 0.000010 0.000010 0.000010
0.000010 0.086589 0.072445 0.521851 0.000010 0.319085 0.000010
0.000010 0.099385 0.079075 0.457645 0.000010 0.363865 0.000010
0.000010 0.000010 0.000010 0.999940 0.000010 0.000010 0.000010
0.000010 0.000010 0.000010 0.999940 0.000010 0.000010 0.000010
0.000010 0.058040 0.079138 0.374290 0.000010 0.488503 0.000010
0.000010 0.059467 0.092964 0.340590 0.000010 0.506949 0.000010
0.000010 0.118228 0.236975 0.258305 0.003815 0.349758 0.032910
0.000010 0.000010 0.999940 0.000010 0.000010 0.000010 0.000010
0.000010 0.089285 0.110971 0.336972 0.000010 0.459946 0.002806
0.000010 0.093827 0.112668 0.339943 0.000010 0.453532 0.000010
0.000010 0.015477 0.080427 0.340209 0.000010 0.563856 0.000010
0.592784 0.000010 0.000010 0.000010 0.407164 0.000012 0.000010
0.595810 0.000010 0.000010 0.000010 0.404140 0.000010 0.000010
0.592398 0.000010 0.000010 0.000010 0.407552 0.000010 0.000010
0.000010 0.000010 0.000010 0.000010 0.000010 0.999940 0.000010
0.000010 0.000010 0.000010 0.000010 0.000010 0.999940 0.000010
0.000010 0.000016 0.019503 0.138808 0.000010 0.841644 0.000010
0.000010 0.000010 0.000010 0.000010 0.000010 0.999940 0.000010
0.000010 0.000010 0.000010 0.000010 0.000010 0.999940 0.000010
0.000010 0.000010 0.000010 0.000010 0.000010 0.999940 0.000010
0.000010 0.000010 0.000010 0.000010 0.000010 0.999940 0.000010
0.000010 0.000010 0.048888 0.182994 0.000010 0.768079 0.000010
0.000010 0.000010 0.000010 0.000010 0.000010 0.999940 0.000010
0.000010 0.000010 0.000010 0.000010 0.000010 0.999940 0.000010
0.000010 0.000010 0.000010 0.000010 0.000010 0.999940 0.000010
0.000010 0.000010 0.000010 0.000010 0.000010 0.999940 0.000010
0.000997 0.010341 0.053745 0.186606 0.001234 0.747066 0.000010
0.000010 0.000010 0.000010 0.000010 0.000010 0.999940 0.000010
0.000010 0.000010 0.000010 0.000010 0.000010 0.999940 0.000010
0.000010 0.000010 0.000010 0.000010 0.000010 0.999940 0.000010
0.000010 0.000010 0.000010 0.000010 0.000010 0.999940 0.000010
0.000010 0.000010 0.000010 0.000010 0.000010 0.999940 0.000010
0.000010 0.000010 0.000010 0.000010 0.000010 0.999940 0.000010
0.000010 0.000010 0.000010 0.000010 0.000010 0.999940 0.000010
0.000010 0.134035 0.128518 0.326313 0.007672 0.375034 0.028418
0.000010 0.150927 0.150371 0.323803 0.017407 0.328156 0.029326
0.032103 0.261380 0.131575 0.242451 0.132519 0.003476 0.196496
0.000010 0.000010 0.000010 0.000010 0.000010 0.000010 0.999940
0.000010 0.000015 0.000010 0.000010 0.000010 0.000010 0.999935
0.000010 0.000010 0.000010 0.999940 0.000010 0.000010 0.000010
0.002902 0.116278 0.076374 0.475939 0.000010 0.328488 0.000010
0.000010 0.054163 0.000010 0.642780 0.000010 0.303017 0.000010
0.000654 0.112917 0.085150 0.475041 0.000010 0.322523 0.003705
0.000010 0.083314 0.090509 0.375093 0.000010 0.451054 0.000010
0.000010 0.086205 0.015358 0.442927 0.000010 0.455480 0.000010
0.000010 0.000010 0.000010 0.999940 0.000010 0.000010 0.000010
0.000010 0.062579 0.084976 0.444445 0.000010 0.407970 0.000010
0.000010 0.080375 0.009077 0.451086 0.000010 0.459433 0.000010
0.000010 0.083647 0.097099 0.360507 0.000010 0.458717 0.000010
0.159080 0.157773 0.061939 0.093869 0.309420 0.000010 0.217910
0.158347 0.157971 0.067179 0.085235 0.299074 0.000010 0.232184
0.154074 0.149685 0.056791 0.083773 0.324986 0.000010 0.230681
0.159656 0.144472 0.058083 0.079961 0.337309 0.000010 0.220509
0.269598 0.000010 0.000010 0.000010 0.730352 0.000010 0.000010
0.247354 0.000010 0.000010 0.000010 0.752596 0.000010 0.000010
0.280988 0.000010 0.000010 0.000010 0.718962 0.000010 0.000010
0.256235 0.013581 0.000010 0.000010 0.689291 0.000010 0.040862
0.999940 0.000010 0.000010 0.000010 0.000010 0.000010 0.000010
0.999940 0.000010 0.000010 0.000010 0.000010 0.000010 0.000010
0.000010 0.999940 0.000010 0.000010 0.000010 0.000010 0.000010
0.999940 0.000010 0.000010 0.000010 0.000010 0.000010 0.000010
0.283853 0.000010 0.000010 0.000010 0.716097 0.000010 0.000010
0.268428 0.000010 0.000010 0.000010 0.731522 0.000010 0.000010
0.254124 0.000010 0.000010 0.000010 0.745826 0.000010 0.000010
0.283341 0.031416 0.000010 0.000010 0.631718 0.000010 0.053494
0.265723 0.000010 0.000010 0.000010 0.734227 0.000010 0.000010
0.258788 0.000010 0.000010 0.000010 0.741162 0.000010 0.000010
0.272624 0.001976 0.000010 0.000010 0.717540 0.000010 0.007830
0.264486 0.000010 0.000010 0.000010 0.735464 0.000010 0.000010
0.261865 0.000010 0.000010 0.000010 0.738085 0.000010 0.000010
0.275391 0.000010 0.000010 0.000010 0.724559 0.000010 0.000010
0.387152 0.000010 0.000010 0.000010 0.612798 0.000010 0.000010
0.251945 0.000010 0.000010 0.000010 0.748005 0.000010 0.000010
0.271387 0.000010 0.000010 0.000010 0.728563 0.000010 0.000010
0.999933 0.000012 0.000012 0.000013 0.000010 0.000010 0.000010
0.999940 0.000010 0.000010 0.000010 0.000010 0.000010 0.000010
0.999919 0.000015 0.000017 0.000014 0.000010 0.000014 0.000010
0.000010 0.999940 0.000010 0.000010 0.000010 0.000010 0.000010
0.000010 0.999930 0.000010 0.000015 0.000015 0.000010 0.000010
0.000010 0.999940 0.000010 0.000010 0.000010 0.000010 0.000010
0.999939 0.000011 0.000010 0.000010 0.000010 0.000010 0.000010
0.999940 0.000010 0.000010 0.000010 0.000010 0.000010 0.000010
0.278800 0.000010 0.000010 0.000010 0.721150 0.000010 0.000010
0.285810 0.000010 0.000010 0.000010 0.714140 0.000010 0.000010
0.274993 0.000010 0.000010 0.000010 0.724957 0.000010 0.000010
0.309597 0.000010 0.000010 0.000010 0.690353 0.000010 0.000010
0.260792 0.000010 0.000010 0.000010 0.739158 0.000010 0.000010
0.260239 0.011630 0.000010 0.000010 0.688925 0.000010 0.039176
0.274306 0.000010 0.000010 0.000010 0.725644 0.000010 0.000010
0.153694 0.000010 0.000010 0.000010 0.716698 0.000010 0.129568
0.000010 0.999940 0.000010 0.000010 0.000010 0.000010 0.000010
0.011227 0.257489 0.143722 0.242885 0.102848 0.059713 0.182117
0.000010 0.295811 0.136984 0.239112 0.090874 0.060017 0.177191
0.000010 0.999940 0.000010 0.000010 0.000010 0.000010 0.000010
0.027980 0.043987 0.000010 0.000010 0.660134 0.000010 0.267869
0.035951 0.025859 0.000010 0.000010 0.651631 0.000010 0.286529
0.000011 0.000010 0.000010 0.000010 0.999939 0.000010 0.000010
0.027282 0.024788 0.000010 0.000010 0.664607 0.000010 0.283293
0.128453 0.000010 0.000010 0.000010 0.752010 0.000010 0.119497
0.145295 0.000010 0.000010 0.000010 0.720591 0.000010 0.134074
0.181291 0.001069 0.000010 0.000010 0.600706 0.000010 0.216903
0.177959 0.007539 0.000010 0.000010 0.611643 0.000010 0.202829
0.179389 0.018584 0.000010 0.000010 0.601813 0.000010 0.200184
0.196915 0.009688 0.000014 0.000010 0.626567 0.000010 0.166797
0.000010 0.149343 0.148976 0.316835 0.001500 0.348950 0.034386
0.101365 0.349407 0.120467 0.358061 0.000010 0.054319 0.016372
0.000010 0.000010 0.000010 0.000010 0.000010 0.000010 0.999940
0.000011 0.000010 0.000011 0.000010 0.000010 0.000010 0.999937
0.000010 0.153310 0.143379 0.323113 0.000870 0.338946 0.040373
0.001222 0.166189 0.148966 0.263387 0.045064 0.296646 0.078527
0.000414 0.140322 0.144590 0.290641 0.000010 0.375476 0.048547
0.006090 0.229751 0.146415 0.257340 0.081421 0.118995 0.159989
0.000010 0.000010 0.000010 0.000010 0.000010 0.000010 0.999940
0.180620 0.000380 0.000010 0.000010 0.601934 0.000010 0.217037
0.187538 0.000010 0.000010 0.000010 0.607180 0.000010 0.205242
0.177891 0.012226 0.000010 0.000010 0.596340 0.000010 0.213513
0.142640 0.000010 0.000010 0.000010 0.788433 0.000010 0.068887
0.005525 0.179790 0.123374 0.398589 0.000010 0.257841 0.034871
0.000010 0.000010 0.000010 0.000010 0.999940 0.000010 0.000010
0.000010 0.000010 0.000010 0.000010 0.999940 0.000010 0.000010
0.000010 0.000010 0.000010 0.000010 0.999940 0.000010 0.000010
0.000010 0.000010 0.000010 0.000010 0.999940 0.000010 0.000010
0.000010 0.000010 0.000010 0.000010 0.999940 0.000010 0.000010
0.000010 0.000010 0.000010 0.000010 0.877528 0.000010 0.122422
0.000010 0.000010 0.000010 0.000010 0.999940 0.000010 0.000010
0.043014 0.048706 0.000010 0.000010 0.628368 0.000010 0.279882
0.045715 0.247473 0.130836 0.219607 0.151836 0.000010 0.204523
0.014078 0.240276 0.153341 0.235953 0.085756 0.118094 0.152502
0.009624 0.228024 0.142781 0.278573 0.080188 0.115648 0.145162
0.017351 0.235925 0.138994 0.241886 0.105125 0.082241 0.178477
0.064828 0.246573 0.124613 0.201821 0.170327 0.000010 0.191829
0.003188 0.188904 0.136956 0.347293 0.000010 0.277284 0.046366
0.000010 0.106361 0.125028 0.327025 0.000010 0.436915 0.004652
0.000010 0.000010 0.000010 0.000010 0.000010 0.000010 0.999940
0.009189 0.218036 0.147385 0.248295 0.066575 0.179977 0.130543
0.000010 0.000010 0.000010 0.000010 0.999940 0.000010 0.000010
0.000010 0.175104 0.150601 0.322731 0.008151 0.291024 0.052380
0.042697 0.148362 0.061285 0.055560 0.233614 0.000010 0.458472
0.000010 0.000010 0.000010 0.000010 0.000010 0.000010 0.999940
0.034806 0.191382 0.102472 0.403356 0.000010 0.267965 0.000010
0.055358 0.236832 0.116153 0.384540 0.000010 0.197209 0.009898
0.006098 0.191819 0.144704 0.325917 0.008359 0.277062 0.046041
0.000010 0.203804 0.144870 0.356867 0.011219 0.241686 0.041542
0.188329 0.010795 0.000010 0.000010 0.606909 0.000010 0.193937
