0.685381 0.000010 0.314589 0.000010 0.000010
0.701147 0.000010 0.298823 0.000010 0.000010
0.000010 0.000010 0.999960 0.000010 0.000010
0.299062 0.000010 0.700908 0.000010 0.000010
0.158532 0.000010 0.841438 0.000010 0.000010
0.000010 0.000010 0.999960 0.000010 0.000010
0.028512 0.018500 0.000010 0.659497 0.293481
0.017155 0.020833 0.000010 0.655724 0.306278
0.036657 0.016705 0.000010 0.649735 0.296892
0.000010 0.000010 0.000010 0.841202 0.158768
0.000010 0.000010 0.000010 0.848323 0.151647
0.000010 0.000010 0.000010 0.889050 0.110920
0.000010 0.000012 0.000010 0.890633 0.109335
0.000010 0.000010 0.000010 0.907949 0.092021
0.000010 0.000010 0.000010 0.867854 0.132116
0.000010 0.000010 0.000010 0.859103 0.140867
0.000010 0.000010 0.000010 0.853618 0.146352
0.000010 0.007086 0.000010 0.626876 0.366018
0.001170 0.018180 0.000010 0.631325 0.349315
0.024796 0.018768 0.000010 0.655405 0.301020
0.028154 0.017602 0.000010 0.666779 0.287456
0.000010 0.019889 0.000010 0.613890 0.366200
0.054599 0.014802 0.000010 0.633810 0.296779
0.049356 0.009935 0.000010 0.659013 0.281686
0.055186 0.013513 0.000010 0.640121 0.291170
0.024541 0.006142 0.000010 0.751561 0.217746
0.039344 0.009472 0.000010 0.702708 0.248466
0.032498 0.003231 0.000010 0.755342 0.208918
0.029764 0.007060 0.000010 0.740443 0.222722
0.024581 0.012006 0.004075 0.719055 0.240283
0.025577 0.001820 0.000010 0.750569 0.222024
0.023576 0.000010 0.007602 0.801096 0.167716
0.000010 0.000010 0.000010 0.839338 0.160632
0.000010 0.000010 0.000010 0.829824 0.170146
0.000010 0.000010 0.004918 0.833850 0.161211
0.000010 0.000010 0.000010 0.821775 0.178195
0.000010 0.012674 0.000010 0.598792 0.388514
0.016716 0.020591 0.000010 0.625063 0.337620
0.018844 0.019489 0.000010 0.647374 0.314283
0.000010 0.000010 0.000010 0.801893 0.198077
0.000010 0.000010 0.000010 0.788005 0.211965
0.000010 0.000010 0.000010 0.806000 0.193970
0.000010 0.000010 0.000010 0.799504 0.200466
0.000010 0.000018 0.000010 0.734751 0.265212
0.000010 0.000010 0.000010 0.811523 0.188447
0.000010 0.000010 0.000010 0.779890 0.220080
0.000010 0.000010 0.000010 0.806105 0.193865
0.000010 0.000012 0.000010 0.778417 0.221551
0.000015 0.000010 0.000010 0.801604 0.198361
0.000010 0.000010 0.000010 0.783932 0.216038
0.000010 0.000010 0.000010 0.809110 0.190860
0.000010 0.000010 0.000010 0.749358 0.250612
0.000010 0.000010 0.000010 0.831764 0.168206
0.000010 0.000020 0.000010 0.787730 0.212230
0.000018 0.000010 0.000010 0.785902 0.214060
0.000010 0.000010 0.000010 0.829520 0.170450
0.000010 0.000010 0.000010 0.866721 0.133249
0.000010 0.000010 0.000010 0.850760 0.149210
0.000010 0.000010 0.000010 0.845005 0.154965
0.023489 0.018966 0.000010 0.666737 0.290798
0.000010 0.011479 0.000010 0.609157 0.379344
0.000010 0.006473 0.000010 0.788562 0.204945
0.000010 0.013592 0.000010 0.780740 0.205648
0.000010 0.000010 0.006230 0.911113 0.082637
0.305641 0.000010 0.694329 0.000010 0.000010
0.309100 0.000010 0.690870 0.000010 0.000010
0.309284 0.000010 0.690686 0.000010 0.000010
0.000016 0.000010 0.009493 0.990471 0.000010
0.000010 0.000010 0.007565 0.992405 0.000010
0.000010 0.000010 0.016446 0.983524 0.000010
0.000010 0.000010 0.000010 0.999960 0.000010
0.000010 0.000010 0.006385 0.993585 0.000010
0.000010 0.000010 0.000010 0.999960 0.000010
0.000010 0.000010 0.000010 0.999960 0.000010
0.000010 0.000010 0.022220 0.977750 0.000010
0.000010 0.000010 0.005443 0.994527 0.000010
0.000010 0.000010 0.002576 0.997394 0.000010
0.000010 0.000010 0.006176 0.993794 0.000010
0.000010 0.000010 0.000010 0.999960 0.000010
0.010149 0.000010 0.018504 0.965010 0.006328
0.001118 0.000010 0.005201 0.993661 0.000010
0.000010 0.000010 0.005620 0.994350 0.000010
0.000010 0.000010 0.002481 0.997489 0.000010
0.000010 0.000010 0.002730 0.997240 0.000010
0.000010 0.000010 0.007516 0.992454 0.000010
0.000010 0.000010 0.012288 0.987682 0.000010
0.000010 0.000010 0.001335 0.998635 0.000010
0.022959 0.020568 0.000010 0.680449 0.276013
0.029375 0.022712 0.000010 0.634452 0.313451
0.287396 0.000010 0.007175 0.204377 0.501042
0.892874 0.000010 0.000010 0.000010 0.107096
0.893488 0.000010 0.000010 0.000010 0.106482
0.000010 0.000010 0.000010 0.809413 0.190557
0.000010 0.000010 0.000010 0.757871 0.242099
0.000010 0.000010 0.000010 0.814945 0.185025
0.000010 0.000010 0.000010 0.757726 0.242244
0.000010 0.000010 0.000010 0.819119 0.180851
0.000010 0.000010 0.000010 0.822579 0.177391
0.000010 0.000010 0.000010 0.852259 0.147711
0.000010 0.000010 0.000010 0.830718 0.169252
0.000010 0.000010 0.000010 0.833519 0.166451
0.000010 0.000010 0.000010 0.809696 0.190274
0.480317 0.000010 0.154961 0.043079 0.321633
0.479697 0.000010 0.151816 0.028693 0.339783
0.508116 0.000010 0.148455 0.028304 0.315115
0.509797 0.000010 0.159921 0.038955 0.291317
0.702553 0.000010 0.297417 0.000010 0.000010
0.717422 0.000010 0.282543 0.000014 0.000010
0.691633 0.000010 0.308337 0.000010 0.000010
0.710746 0.000010 0.289224 0.000010 0.000010
0.000010 0.000010 0.999960 0.000010 0.000010
0.000010 0.000010 0.999960 0.000010 0.000010
0.000010 0.000010 0.000010 0.000010 0.999960
0.000010 0.000010 0.999960 0.000010 0.000010
0.678495 0.000010 0.321475 0.000010 0.000010
0.701098 0.000010 0.298872 0.000010 0.000010
0.717337 0.000010 0.282633 0.000010 0.000010
0.657057 0.000010 0.330297 0.000010 0.012626
0.692556 0.000010 0.307407 0.000017 0.000010
0.709485 0.000010 0.290484 0.000012 0.000010
0.701759 0.000010 0.298211 0.000010 0.000010
0.707613 0.000010 0.292357 0.000010 0.000010
0.698668 0.000010 0.301302 0.000010 0.000010
0.698922 0.000010 0.301048 0.000010 0.000010
0.563990 0.000010 0.435980 0.000010 0.000010
0.714985 0.000018 0.284977 0.000010 0.000010
0.696632 0.000010 0.303338 0.000010 0.000010
0.000010 0.000010 0.999960 0.000010 0.000010
0.000010 0.000010 0.999960 0.000010 0.000010
0.000010 0.000010 0.999960 0.000010 0.000010
0.000010 0.000010 0.000010 0.000010 0.999960
0.000010 0.000010 0.000010 0.000010 0.999960
0.000010 0.000010 0.000011 0.000010 0.999959
0.000010 0.000010 0.999960 0.000010 0.000010
0.000010 0.000010 0.999960 0.000010 0.000010
0.695204 0.000010 0.304762 0.000014 0.000010
0.688520 0.000010 0.311450 0.000010 0.000010
0.697630 0.000010 0.302336 0.000014 0.000010
0.641623 0.000010 0.358347 0.000010 0.000010
0.709380 0.000010 0.290590 0.000010 0.000010
0.707525 0.000010 0.292445 0.000010 0.000010
0.700188 0.000010 0.299782 0.000010 0.000010
0.827035 0.000010 0.172935 0.000010 0.000010
0.000010 0.000012 0.000010 0.000010 0.999958
0.239898 0.000010 0.000010 0.272636 0.487446
0.217144 0.000010 0.000010 0.258701 0.524135
0.000010 0.000010 0.000010 0.000010 0.999960
0.902805 0.000010 0.021066 0.000010 0.076109
0.907462 0.000010 0.026038 0.000010 0.066480
0.999960 0.000010 0.000010 0.000010 0.000010
0.926476 0.000010 0.013085 0.000010 0.060420
0.856924 0.000010 0.143046 0.000010 0.000010
0.836508 0.000010 0.163462 0.000010 0.000010
0.783664 0.000010 0.201646 0.000010 0.014670
0.787440 0.000010 0.203458 0.000010 0.009082
0.768337 0.000010 0.198933 0.000010 0.032710
0.771184 0.000010 0.224622 0.000010 0.004174
0.018887 0.024518 0.000010 0.650977 0.305609
0.000010 0.000010 0.000010 0.000010 0.999960
0.794558 0.000010 0.000010 0.000010 0.205412
0.880005 0.000010 0.000010 0.000010 0.119965
0.024041 0.023645 0.000010 0.644361 0.307943
0.098555 0.003332 0.000010 0.559145 0.338958
0.028481 0.033707 0.000010 0.645938 0.291865
0.197636 0.000010 0.000010 0.352907 0.449437
0.879607 0.000010 0.000010 0.000010 0.120363
0.785542 0.000010 0.202197 0.000010 0.012241
0.784983 0.000010 0.211160 0.000010 0.003837
0.775799 0.000010 0.194168 0.000010 0.030012
0.840024 0.000010 0.159946 0.000010 0.000010
0.012619 0.000010 0.000010 0.618814 0.368547
0.999960 0.000010 0.000010 0.000010 0.000010
0.999960 0.000010 0.000010 0.000010 0.000010
0.999960 0.000010 0.000010 0.000010 0.000010
0.999960 0.000010 0.000010 0.000010 0.000010
0.999959 0.000010 0.000011 0.000010 0.000010
0.999960 0.000010 0.000010 0.000010 0.000010
0.999960 0.000010 0.000010 0.000010 0.000010
0.875516 0.000010 0.039151 0.000010 0.085313
0.314936 0.000010 0.024540 0.187939 0.472575
0.200480 0.000010 0.000010 0.338745 0.460755
0.186781 0.000010 0.000010 0.370044 0.443155
0.243234 0.000010 0.000010 0.300746 0.456000
0.318366 0.000010 0.043600 0.161367 0.476658
0.022824 0.000010 0.000010 0.600201 0.376955
0.000010 0.013859 0.000010 0.755334 0.230787
0.882344 0.000010 0.000010 0.000010 0.117626
0.163175 0.000010 0.000010 0.419174 0.417631
0.999959 0.000010 0.000011 0.000010 0.000010
0.036102 0.021396 0.000010 0.586264 0.356229
0.625556 0.000010 0.000010 0.000010 0.374414
0.897287 0.000010 0.000010 0.000010 0.102683
0.000010 0.000010 0.010951 0.613675 0.375354
0.000010 0.000010 0.027019 0.513658 0.459303
0.030531 0.001473 0.000010 0.582867 0.385119
0.026618 0.000010 0.000010 0.575118 0.398244
0.770374 0.000010 0.210481 0.000010 0.019125
0.000010 0.000010 0.000010 0.861411 0.138559
0.000010 0.000010 0.000010 0.827005 0.172965
0.000010 0.000010 0.000010 0.870256 0.129714
0.000010 0.000010 0.000010 0.843585 0.156385
0.000010 0.000010 0.000010 0.869696 0.130274
0.000010 0.000010 0.000010 0.833690 0.166280
0.000010 0.000011 0.000010 0.893287 0.106682
0.000010 0.000010 0.000010 0.833791 0.166179
0.000010 0.000010 0.000010 0.846246 0.153724
0.000010 0.000010 0.000010 0.819105 0.180865
0.000010 0.000010 0.000010 0.869604 0.130366
0.000010 0.000010 0.000010 0.855517 0.144453
0.000010 0.000010 0.000010 0.854798 0.145172
0.000010 0.000010 0.000010 0.827553 0.172417
0.000010 0.000018 0.000010 0.776639 0.223323
0.000010 0.000010 0.000010 0.820186 0.179784
0.000010 0.000010 0.000010 0.873632 0.126338
0.000010 0.000010 0.000010 0.864376 0.135594
0.000010 0.000010 0.000010 0.828794 0.171176
0.027996 0.033121 0.000010 0.641811 0.297062
0.000010 0.000010 0.055076 0.612061 0.332843
0.155703 0.000010 0.657471 0.000010 0.186806
0.032633 0.042486 0.000010 0.614512 0.310360
0.183564 0.000010 0.000010 0.335776 0.480640
0.000010 0.020012 0.001128 0.770283 0.208566
0.006875 0.025035 0.000010 0.685411 0.282669
0.000010 0.020676 0.045882 0.653299 0.280133
0.000010 0.018063 0.032612 0.653023 0.296292
0.000010 0.016472 0.033819 0.657088 0.292611
0.000010 0.017049 0.037966 0.651198 0.293777
0.000010 0.017179 0.027052 0.668388 0.287370
0.032150 0.037328 0.000010 0.611437 0.319075
0.000010 0.018256 0.001389 0.749810 0.230535
0.000010 0.015085 0.028645 0.659398 0.296863
0.000010 0.999953 0.000017 0.000010 0.000010
0.000010 0.999960 0.000010 0.000010 0.000010
0.000010 0.999954 0.000016 0.000010 0.000010
0.000010 0.999960 0.000010 0.000010 0.000010
0.000010 0.999960 0.000010 0.000010 0.000010
0.000010 0.999960 0.000010 0.000010 0.000010
0.000010 0.999960 0.000010 0.000010 0.000010
0.000010 0.999958 0.000012 0.000010 0.000010
0.000010 0.999960 0.000010 0.000010 0.000010
0.000010 0.999960 0.000010 0.000010 0.000010
0.000010 0.999960 0.000010 0.000010 0.000010
0.000010 0.999960 0.000010 0.000010 0.000010
0.000010 0.999951 0.000019 0.000010 0.000010
0.000010 0.999960 0.000010 0.000010 0.000010
0.000010 0.999960 0.000010 0.000010 0.000010
0.000011 0.999959 0.000010 0.000010 0.000010
0.000010 0.999960 0.000010 0.000010 0.000010
0.000010 0.999960 0.000010 0.000010 0.000010
0.000010 0.999960 0.000010 0.000010 0.000010
0.000010 0.999960 0.000010 0.000010 0.000010
0.000010 0.999960 0.000010 0.000010 0.000010
0.000010 0.999960 0.000010 0.000010 0.000010
0.000010 0.999960 0.000010 0.000010 0.000010
0.000010 0.999960 0.000010 0.000010 0.000010
0.000010 0.999960 0.000010 0.000010 0.000010
0.000010 0.999960 0.000010 0.000010 0.000010
0.000010 0.999960 0.000010 0.000010 0.000010
0.000010 0.999960 0.000010 0.000010 0.000010
0.000010 0.999960 0.000010 0.000010 0.000010
0.000014 0.999956 0.000010 0.000010 0.000010
0.000010 0.999960 0.000010 0.000010 0.000010
0.000010 0.999960 0.000010 0.000010 0.000010
0.000010 0.999960 0.000010 0.000010 0.000010
0.000010 0.999960 0.000010 0.000010 0.000010
0.000010 0.999960 0.000010 0.000010 0.000010
0.000010 0.999960 0.000010 0.000010 0.000010
0.000010 0.999960 0.000010 0.000010 0.000010
0.000010 0.999960 0.000010 0.000010 0.000010
0.000010 0.999960 0.000010 0.000010 0.000010
0.000010 0.999960 0.000010 0.000010 0.000010
0.000010 0.999960 0.000010 0.000010 0.000010
0.000010 0.999960 0.000010 0.000010 0.000010
0.000010 0.999960 0.000010 0.000010 0.000010
0.000010 0.999960 0.000010 0.000010 0.000010
0.000010 0.999960 0.000010 0.000010 0.000010
0.000010 0.999960 0.000010 0.000010 0.000010
0.000010 0.999954 0.000016 0.000010 0.000010
0.000010 0.999960 0.000010 0.000010 0.000010
0.000013 0.999957 0.000010 0.000010 0.000010
0.000010 0.999960 0.000010 0.000010 0.000010
0.000010 0.999960 0.000010 0.000010 0.000010
0.000010 0.999960 0.000010 0.000010 0.000010
0.000010 0.999958 0.000012 0.000010 0.000010
0.000010 0.999960 0.000010 0.000010 0.000010
0.000010 0.999956 0.000014 0.000010 0.000010
0.000010 0.999960 0.000010 0.000010 0.000010
0.000010 0.999960 0.000010 0.000010 0.000010
0.000010 0.999960 0.000010 0.000010 0.000010
0.000010 0.999960 0.000010 0.000010 0.000010
0.000010 0.999960 0.000010 0.000010 0.000010
0.000010 0.999960 0.000010 0.000010 0.000010
0.000010 0.999960 0.000010 0.000010 0.000010
0.000010 0.999960 0.000010 0.000010 0.000010
0.000010 0.999960 0.000010 0.000010 0.000010
