0.000010 0.000010 0.000010 0.673061 0.000010 0.326899
0.000010 0.000010 0.000010 0.689188 0.000010 0.310772
0.000010 0.000010 0.000010 0.150554 0.000010 0.849406
0.000010 0.000010 0.000010 0.335635 0.000010 0.664325
0.000010 0.000011 0.000010 0.207397 0.000010 0.792561
0.000010 0.000010 0.000010 0.126644 0.000010 0.873316
0.174901 0.411233 0.292447 0.035566 0.085843 0.000010
0.183301 0.441766 0.259737 0.025412 0.089774 0.000010
0.184792 0.420292 0.277658 0.042882 0.074366 0.000010
0.077698 0.377738 0.518461 0.000010 0.026084 0.000010
0.077808 0.422750 0.469351 0.000010 0.030071 0.000010
0.000010 0.000010 0.999950 0.000010 0.000010 0.000010
0.000010 0.000010 0.999950 0.000010 0.000010 0.000010
0.000010 0.000010 0.999950 0.000010 0.000010 0.000010
0.065947 0.388369 0.519579 0.000010 0.026084 0.000010
0.071665 0.410956 0.502830 0.000010 0.014529 0.000010
0.074564 0.369525 0.520913 0.000010 0.034978 0.000010
0.205799 0.423185 0.204604 0.012120 0.154283 0.000010
0.202644 0.444049 0.216831 0.013969 0.122497 0.000010
0.185385 0.434090 0.262864 0.030938 0.086713 0.000010
0.177943 0.436930 0.267581 0.033778 0.083758 0.000010
0.000010 0.000010 0.000010 0.000010 0.999950 0.000010
0.187132 0.408843 0.268783 0.060795 0.074438 0.000010
0.176734 0.436787 0.259408 0.053422 0.073638 0.000010
0.179048 0.411314 0.263651 0.060822 0.085155 0.000010
0.133927 0.548764 0.233720 0.025054 0.058525 0.000010
0.154120 0.477930 0.257933 0.040788 0.069218 0.000010
0.131720 0.550858 0.221066 0.030702 0.065644 0.000010
0.138849 0.534628 0.232560 0.030960 0.062993 0.000010
0.150104 0.513064 0.237579 0.026561 0.069402 0.003288
0.139062 0.526654 0.246972 0.024763 0.062539 0.000010
0.105647 0.604469 0.209978 0.021863 0.054946 0.003097
0.091248 0.587057 0.267515 0.000010 0.054160 0.000010
0.099215 0.575776 0.270510 0.000010 0.054479 0.000010
0.093847 0.584415 0.266904 0.000010 0.054814 0.000010
0.093357 0.383992 0.489366 0.000010 0.033264 0.000010
0.000010 0.000010 0.000010 0.000010 0.999950 0.000010
0.000010 0.000010 0.000010 0.000010 0.999950 0.000010
0.156620 0.393190 0.219560 0.026029 0.204591 0.000010
0.103830 0.419196 0.438050 0.000010 0.038904 0.000010
0.118280 0.435313 0.406103 0.000010 0.040284 0.000010
0.094409 0.404806 0.465207 0.000010 0.035559 0.000010
0.107185 0.411632 0.448503 0.000010 0.032660 0.000010
0.151149 0.374842 0.424893 0.000010 0.044872 0.004234
0.000010 0.000010 0.999950 0.000010 0.000010 0.000010
0.113116 0.348145 0.498967 0.000010 0.039752 0.000010
0.075260 0.339010 0.565804 0.000010 0.019907 0.000010
0.121245 0.374380 0.469741 0.000010 0.034615 0.000010
0.000010 0.000010 0.999950 0.000010 0.000010 0.000010
0.115078 0.393634 0.454983 0.000010 0.036285 0.000010
0.000010 0.000010 0.999950 0.000010 0.000010 0.000010
0.144408 0.363062 0.465616 0.000010 0.026894 0.000010
0.000010 0.000010 0.999950 0.000010 0.000010 0.000010
0.106409 0.362296 0.504349 0.000010 0.026925 0.000010
0.119293 0.410980 0.436987 0.000010 0.032721 0.000010
0.000010 0.000010 0.999950 0.000010 0.000010 0.000010
0.070050 0.548670 0.369599 0.000010 0.011661 0.000010
0.079740 0.555617 0.329957 0.000010 0.034665 0.000010
0.081362 0.557349 0.313121 0.000010 0.048148 0.000010
0.175338 0.442228 0.260653 0.029679 0.092090 0.000010
0.000010 0.000010 0.000010 0.000010 0.999950 0.000010
0.116012 0.516222 0.313988 0.000014 0.053755 0.000010
0.119505 0.513174 0.312593 0.000010 0.054708 0.000010
0.030507 0.610849 0.319080 0.000010 0.039544 0.000010
0.000010 0.000010 0.000010 0.340932 0.000010 0.659028
0.000017 0.000012 0.000012 0.341049 0.000010 0.658900
0.000010 0.000010 0.000010 0.342890 0.000010 0.657070
0.000010 0.999950 0.000010 0.000010 0.000010 0.000010
0.000010 0.999950 0.000010 0.000010 0.000010 0.000010
0.000010 0.872979 0.118991 0.000010 0.008000 0.000010
0.000010 0.999950 0.000010 0.000010 0.000010 0.000010
0.000010 0.999950 0.000010 0.000010 0.000010 0.000010
0.000011 0.999948 0.000010 0.000011 0.000010 0.000010
0.000010 0.999950 0.000010 0.000010 0.000010 0.000010
0.000010 0.806127 0.176061 0.000010 0.017361 0.000431
0.000010 0.999950 0.000010 0.000010 0.000010 0.000010
0.000010 0.999950 0.000010 0.000010 0.000010 0.000010
0.000010 0.999950 0.000010 0.000010 0.000010 0.000010
0.000010 0.999950 0.000010 0.000010 0.000010 0.000010
0.017734 0.783378 0.172660 0.000094 0.021500 0.004634
0.000010 0.999950 0.000010 0.000010 0.000010 0.000010
0.000010 0.999950 0.000010 0.000010 0.000010 0.000010
0.000010 0.999950 0.000010 0.000010 0.000010 0.000010
0.000010 0.999950 0.000010 0.000010 0.000010 0.000010
0.000010 0.999950 0.000010 0.000010 0.000010 0.000010
0.000010 0.999950 0.000010 0.000010 0.000010 0.000010
0.000010 0.999950 0.000010 0.000010 0.000010 0.000010
0.173668 0.437027 0.302027 0.027270 0.059999 0.000010
0.195717 0.395988 0.301225 0.037140 0.069920 0.000010
0.346417 0.056587 0.218542 0.288132 0.065826 0.024496
0.150059 0.000010 0.000010 0.849901 0.000010 0.000010
0.151041 0.000010 0.000010 0.848919 0.000010 0.000010
0.000010 0.000010 0.999949 0.000010 0.000011 0.000010
0.137005 0.375637 0.451085 0.000010 0.034607 0.001656
0.000012 0.000010 0.999948 0.000010 0.000010 0.000010
0.138255 0.367497 0.455603 0.000010 0.038625 0.000010
0.102907 0.502269 0.347417 0.000010 0.047387 0.000010
0.103135 0.508300 0.383945 0.000010 0.004600 0.000010
0.080960 0.552463 0.362247 0.000010 0.004311 0.000010
0.089776 0.517473 0.347790 0.000010 0.044940 0.000010
0.095897 0.509723 0.394349 0.000010 0.000010 0.000010
0.108901 0.516206 0.331434 0.000010 0.043440 0.000010
0.228729 0.000010 0.097391 0.476687 0.034442 0.162741
0.232702 0.000010 0.088742 0.478004 0.039605 0.160938
0.221094 0.000010 0.086872 0.502684 0.031292 0.158049
0.211613 0.005891 0.080479 0.505756 0.030771 0.165490
0.000010 0.000010 0.000010 0.689495 0.000010 0.310465
0.000010 0.000010 0.000010 0.702026 0.000010 0.297934
0.000010 0.000010 0.000010 0.679155 0.000010 0.320805
0.012638 0.000010 0.000010 0.691335 0.000010 0.295997
0.000010 0.000010 0.000010 0.000010 0.000010 0.999950
0.000010 0.000010 0.000010 0.000010 0.000010 0.999950
0.999950 0.000010 0.000010 0.000010 0.000010 0.000010
0.000010 0.000010 0.000010 0.000010 0.000010 0.999950
0.000010 0.000011 0.000010 0.667468 0.000010 0.332491
0.000010 0.000011 0.000010 0.688651 0.000010 0.311308
0.000010 0.000010 0.000010 0.703076 0.000010 0.296884
0.036999 0.000010 0.000010 0.640996 0.000010 0.321975
0.000010 0.000010 0.000010 0.679581 0.000010 0.320379
0.000010 0.000010 0.000010 0.696262 0.000010 0.303698
0.000010 0.000010 0.000010 0.689546 0.000010 0.310414
0.000010 0.000010 0.001281 0.693999 0.000010 0.304689
0.000010 0.000010 0.000010 0.685383 0.000010 0.314577
0.000010 0.000010 0.000010 0.684927 0.000010 0.315033
0.000010 0.000010 0.000010 0.570899 0.000010 0.429061
0.000010 0.000010 0.000010 0.700229 0.000010 0.299731
0.000010 0.000010 0.000010 0.684103 0.000010 0.315857
0.000010 0.000010 0.000010 0.000010 0.000010 0.999950
0.000010 0.000010 0.000010 0.000020 0.000010 0.999940
0.000010 0.000010 0.000011 0.000018 0.000010 0.999941
0.999950 0.000010 0.000010 0.000010 0.000010 0.000010
0.999950 0.000010 0.000010 0.000010 0.000010 0.000010
0.999950 0.000010 0.000010 0.000010 0.000010 0.000010
0.000010 0.000010 0.000010 0.000010 0.000010 0.999950
0.000018 0.000010 0.000010 0.000019 0.000010 0.999933
0.000010 0.000010 0.000010 0.683621 0.000010 0.316339
0.000010 0.000010 0.000010 0.674922 0.000010 0.325038
0.000010 0.000010 0.000020 0.684754 0.000010 0.315197
0.000010 0.000010 0.000010 0.637407 0.000010 0.362553
0.000010 0.000010 0.000010 0.694448 0.000010 0.305512
0.013998 0.000010 0.000010 0.688146 0.000010 0.297826
0.000010 0.000010 0.000010 0.687747 0.000010 0.312213
0.000010 0.000011 0.000010 0.810715 0.000010 0.189244
0.999950 0.000010 0.000010 0.000010 0.000010 0.000010
0.345420 0.114664 0.221339 0.247614 0.069977 0.000985
0.380831 0.115056 0.215343 0.225676 0.063083 0.000010
0.999950 0.000010 0.000010 0.000010 0.000010 0.000010
0.096690 0.000010 0.000010 0.868522 0.000010 0.034758
0.089073 0.000010 0.000010 0.872518 0.000010 0.038379
0.000010 0.000010 0.000010 0.999950 0.000010 0.000010
0.087456 0.000010 0.000010 0.884620 0.000010 0.027894
0.000010 0.000010 0.000010 0.838280 0.000010 0.161680
0.000010 0.000010 0.000010 0.819541 0.000010 0.180419
0.047411 0.000010 0.000010 0.755400 0.000010 0.197159
0.046045 0.000010 0.000010 0.758106 0.000010 0.195819
0.054929 0.000010 0.000010 0.745983 0.000010 0.199058
0.039616 0.000010 0.000010 0.740849 0.000010 0.219505
0.189828 0.407988 0.297958 0.026431 0.077785 0.000010
0.411827 0.114209 0.327493 0.000010 0.051396 0.095065
0.226430 0.000010 0.000010 0.773530 0.000010 0.000010
0.157608 0.000010 0.000015 0.842345 0.000011 0.000010
0.197117 0.404123 0.300255 0.030380 0.068115 0.000010
0.217580 0.354276 0.250022 0.105985 0.072127 0.000010
0.188574 0.440006 0.270399 0.034233 0.066779 0.000010
0.308013 0.179523 0.234074 0.207865 0.070515 0.000010
0.158805 0.000010 0.000010 0.841155 0.000010 0.000010
0.044904 0.000010 0.000010 0.757906 0.000010 0.197161
0.042415 0.000018 0.000010 0.754180 0.000010 0.203368
0.054247 0.000010 0.000010 0.751219 0.000010 0.194504
0.000010 0.000010 0.000010 0.826807 0.000010 0.173153
0.225150 0.316931 0.372682 0.024228 0.059141 0.001867
0.000010 0.000010 0.000010 0.999950 0.000010 0.000010
0.000012 0.000010 0.000010 0.999948 0.000010 0.000010
0.000010 0.000010 0.000010 0.999950 0.000010 0.000010
0.000010 0.000010 0.000010 0.999950 0.000010 0.000010
0.000010 0.000010 0.000010 0.999950 0.000010 0.000010
0.000010 0.000010 0.000010 0.999950 0.000010 0.000010
0.000010 0.000010 0.000010 0.999950 0.000010 0.000010
0.103943 0.000010 0.000010 0.846044 0.000010 0.049983
0.332702 0.051822 0.198181 0.314199 0.064646 0.038450
0.321249 0.174435 0.215398 0.206047 0.077316 0.005555
0.299665 0.170039 0.260659 0.195466 0.071054 0.003117
0.318871 0.136128 0.221961 0.246455 0.067184 0.009401
0.334216 0.049964 0.180597 0.320538 0.056420 0.058264
0.238122 0.335847 0.326150 0.033832 0.066039 0.000010
0.138025 0.498189 0.302601 0.000010 0.061165 0.000010
0.155506 0.000010 0.000010 0.844454 0.000010 0.000010
0.286530 0.231435 0.233535 0.169855 0.075989 0.002657
0.000010 0.000010 0.000010 0.999950 0.000010 0.000010
0.226158 0.355452 0.298089 0.045444 0.074847 0.000010
0.265706 0.000010 0.066977 0.606530 0.032658 0.028119
0.148635 0.000010 0.000010 0.851320 0.000015 0.000010
0.229978 0.328801 0.374060 0.000010 0.040074 0.027078
0.283725 0.253255 0.362041 0.000010 0.050237 0.050732
0.243884 0.339571 0.308331 0.043371 0.064463 0.000381
0.254121 0.308551 0.330718 0.039756 0.066845 0.000010
0.047425 0.000010 0.000010 0.743885 0.000010 0.208659
