0.000010 0.685714 0.314266 0.000010
0.000010 0.701479 0.298501 0.000010
0.000010 0.166486 0.833494 0.000010
0.000010 0.352207 0.647773 0.000010
0.000010 0.217630 0.782350 0.000010
0.000010 0.144397 0.855583 0.000010
0.547948 0.046818 0.000010 0.405224
0.544836 0.035985 0.000010 0.419168
0.547009 0.053346 0.008433 0.391211
0.678157 0.000010 0.000010 0.321823
0.687983 0.000010 0.000010 0.311997
0.677222 0.000010 0.000010 0.322758
0.677188 0.000010 0.000010 0.322792
0.716989 0.000010 0.000010 0.282991
0.687364 0.000010 0.000010 0.312616
0.696475 0.000010 0.000010 0.303505
0.675686 0.000010 0.000010 0.324294
0.478441 0.020822 0.000010 0.500726
0.500166 0.022258 0.000010 0.477566
0.548050 0.040058 0.008345 0.403548
0.558174 0.042782 0.008268 0.390776
0.000010 0.000010 0.000010 0.999970
0.529533 0.069559 0.012712 0.388197
0.553902 0.066316 0.003904 0.375879
0.531705 0.069244 0.010779 0.388271
0.657120 0.034746 0.003850 0.304284
0.600010 0.052086 0.003410 0.344494
0.657253 0.041788 0.002639 0.298320
0.641518 0.041647 0.001766 0.315069
0.623492 0.033529 0.014851 0.328128
0.647231 0.033928 0.006296 0.312545
0.709194 0.029041 0.009868 0.251897
0.726437 0.000451 0.000010 0.273102
0.718575 0.000010 0.000010 0.281405
0.722216 0.000274 0.004548 0.272961
0.661745 0.000010 0.000010 0.338235
0.000010 0.000010 0.000010 0.999970
0.344524 0.000010 0.000010 0.655456
0.502519 0.031966 0.000010 0.465505
0.666685 0.000010 0.000010 0.333295
0.657142 0.000010 0.004421 0.338427
0.668322 0.000010 0.000010 0.331658
0.666787 0.000010 0.004092 0.329111
0.598438 0.000010 0.017335 0.384217
0.645891 0.000017 0.000010 0.354082
0.633299 0.000010 0.000010 0.366681
0.660553 0.000010 0.000010 0.339427
0.636052 0.000010 0.000010 0.363928
0.636899 0.000010 0.000010 0.363081
0.642953 0.000010 0.000010 0.357027
0.653772 0.000010 0.000010 0.346208
0.613443 0.000010 0.012814 0.373733
0.663897 0.000010 0.000010 0.336083
0.644275 0.000010 0.000010 0.355705
0.651533 0.000010 0.006084 0.342373
0.664635 0.000010 0.000010 0.335345
0.732287 0.000010 0.000010 0.267693
0.735660 0.000010 0.000010 0.264320
0.728357 0.000010 0.000010 0.271623
0.558484 0.039502 0.004503 0.397512
0.291218 0.000010 0.000010 0.708762
0.680610 0.001057 0.005105 0.313228
0.676274 0.000010 0.002291 0.321425
0.793208 0.000010 0.000010 0.206772
0.000010 0.356815 0.643165 0.000010
0.000010 0.356635 0.643345 0.000010
0.000010 0.358347 0.641633 0.000010
0.999970 0.000010 0.000010 0.000010
0.999970 0.000010 0.000010 0.000010
0.999970 0.000010 0.000010 0.000010
0.999970 0.000010 0.000010 0.000010
0.999970 0.000010 0.000010 0.000010
0.999970 0.000010 0.000010 0.000010
0.999970 0.000010 0.000010 0.000010
0.920712 0.000010 0.000010 0.079268
0.999970 0.000010 0.000010 0.000010
0.999970 0.000010 0.000010 0.000010
0.999970 0.000010 0.000010 0.000010
0.999970 0.000010 0.000010 0.000010
0.881805 0.005589 0.000464 0.112142
0.999970 0.000010 0.000010 0.000010
0.999970 0.000010 0.000010 0.000010
0.999970 0.000010 0.000010 0.000010
0.999970 0.000010 0.000010 0.000010
0.999970 0.000010 0.000010 0.000010
0.999970 0.000010 0.000010 0.000010
0.999970 0.000010 0.000010 0.000010
0.581384 0.035779 0.009807 0.373030
0.535076 0.048951 0.007396 0.408577
0.107084 0.306612 0.063674 0.522630
0.000010 0.907204 0.000010 0.092776
0.000010 0.909564 0.000010 0.090416
0.650848 0.000017 0.000010 0.349125
0.621294 0.000010 0.013408 0.365288
0.663709 0.000010 0.000010 0.336271
0.617425 0.000010 0.011260 0.371305
0.691501 0.000010 0.000010 0.308479
0.694929 0.000010 0.000010 0.305051
0.730237 0.000010 0.000010 0.269743
0.703438 0.000010 0.000010 0.296542
0.702166 0.000010 0.000010 0.297814
0.694171 0.000010 0.000010 0.305809
0.000010 0.496621 0.188525 0.314844
0.000010 0.498012 0.187091 0.314887
0.000010 0.523959 0.182182 0.293850
0.000141 0.526039 0.188844 0.284976
0.000010 0.700847 0.299133 0.000010
0.000010 0.714432 0.285548 0.000010
0.000017 0.690920 0.309052 0.000010
0.000010 0.708578 0.291341 0.000071
0.000010 0.000010 0.999970 0.000010
0.000010 0.000010 0.999970 0.000010
0.000010 0.000010 0.299440 0.700540
0.000010 0.000010 0.999970 0.000010
0.000010 0.681120 0.318860 0.000010
0.000016 0.700438 0.299535 0.000010
0.000010 0.715584 0.284396 0.000010
0.000010 0.658439 0.315729 0.025822
0.000010 0.691393 0.308587 0.000010
0.000010 0.707927 0.292053 0.000010
0.000010 0.701500 0.298480 0.000010
0.000010 0.706996 0.292984 0.000010
0.000010 0.697699 0.302281 0.000010
0.000010 0.696491 0.303489 0.000010
0.000010 0.584926 0.415054 0.000010
0.000011 0.713254 0.286725 0.000010
0.000010 0.695938 0.304042 0.000010
0.000010 0.000010 0.999970 0.000010
0.000010 0.000010 0.999970 0.000010
0.000010 0.000010 0.999970 0.000010
0.000010 0.000010 0.304548 0.695432
0.000010 0.000010 0.264575 0.735405
0.000010 0.000010 0.254664 0.745316
0.000010 0.000010 0.999970 0.000010
0.000010 0.000010 0.999970 0.000010
0.000018 0.695525 0.304447 0.000010
0.000010 0.686790 0.313190 0.000010
0.000010 0.696600 0.303380 0.000010
0.000010 0.652538 0.347442 0.000010
0.000010 0.706542 0.293438 0.000010
0.000010 0.702049 0.289605 0.008335
0.000010 0.699650 0.300330 0.000010
0.000010 0.822733 0.177247 0.000010
0.000010 0.188400 0.000010 0.811580
0.167793 0.265907 0.039775 0.526525
0.157196 0.256371 0.029875 0.556558
0.000010 0.184725 0.000010 0.815255
0.000010 0.882009 0.049201 0.068781
0.000010 0.887267 0.050669 0.062053
0.000010 0.999970 0.000010 0.000010
0.000010 0.901199 0.044846 0.053944
0.000010 0.849540 0.150440 0.000010
0.000019 0.831207 0.168764 0.000010
0.000010 0.775650 0.197544 0.026796
0.000010 0.778953 0.198546 0.022491
0.000010 0.764622 0.200416 0.034952
0.000010 0.762743 0.220761 0.016487
0.548144 0.036454 0.008648 0.406754
0.225255 0.004710 0.161846 0.608190
0.000010 0.796187 0.037259 0.166544
0.000010 0.896299 0.000010 0.103681
0.539486 0.039427 0.012699 0.408388
0.455998 0.116768 0.018417 0.408818
0.559133 0.043092 0.013554 0.384221
0.249491 0.224937 0.031191 0.494381
0.000010 0.895440 0.000010 0.104540
0.000010 0.777098 0.194981 0.027911
0.000010 0.775661 0.203611 0.020718
0.000010 0.767522 0.193510 0.038957
0.000010 0.837605 0.162375 0.000010
0.492759 0.029053 0.025090 0.453098
0.000010 0.999970 0.000010 0.000010
0.000010 0.999970 0.000010 0.000010
0.000010 0.999970 0.000010 0.000010
0.000010 0.999970 0.000010 0.000010
0.000010 0.999970 0.000010 0.000010
0.000010 0.999970 0.000010 0.000010
0.000010 0.999970 0.000010 0.000010
0.000010 0.860986 0.062660 0.076343
0.097958 0.334347 0.075653 0.492042
0.232187 0.223148 0.039500 0.505165
0.263982 0.210392 0.036285 0.489341
0.200205 0.263878 0.045692 0.490225
0.075880 0.340380 0.096796 0.486944
0.478391 0.041201 0.023723 0.456686
0.648802 0.001674 0.010104 0.339420
0.000010 0.898590 0.000010 0.101390
0.311077 0.185026 0.033150 0.470748
0.000010 0.999970 0.000010 0.000010
0.484183 0.059149 0.009403 0.447265
0.000010 0.633752 0.054411 0.311827
0.000010 0.911944 0.000010 0.088036
0.499262 0.000010 0.056509 0.444219
0.407422 0.000010 0.091787 0.500781
0.467815 0.050782 0.025581 0.455822
0.449781 0.052184 0.015801 0.482234
0.000010 0.763201 0.208075 0.028713
