0.664180 0.000010 0.335790 0.000010 0.000010
0.682601 0.000010 0.317368 0.000011 0.000010
0.149329 0.000010 0.850641 0.000010 0.000010
0.331537 0.000010 0.668433 0.000010 0.000010
0.204983 0.000010 0.794987 0.000010 0.000010
0.125404 0.000010 0.874566 0.000010 0.000010
0.048590 0.364741 0.000010 0.459478 0.127181
0.040018 0.378655 0.000010 0.451922 0.129395
0.056035 0.373020 0.000010 0.436412 0.134523
0.000010 0.356345 0.000010 0.591964 0.051671
0.000010 0.384285 0.000286 0.568700 0.046719
0.000010 0.242509 0.000010 0.757461 0.000010
0.000010 0.244338 0.000010 0.755632 0.000010
0.000010 0.303092 0.000010 0.696878 0.000010
0.000010 0.358946 0.000010 0.598849 0.042185
0.000010 0.378430 0.000010 0.577776 0.043774
0.000010 0.353379 0.000010 0.596716 0.049885
0.035831 0.340935 0.000010 0.480321 0.142903
0.034526 0.361613 0.000010 0.462854 0.140996
0.045405 0.380460 0.000010 0.441734 0.132391
0.047487 0.386086 0.000010 0.438988 0.127429
0.031612 0.000010 0.000010 0.968358 0.000010
0.073807 0.360691 0.000010 0.428186 0.137306
0.066436 0.388323 0.000010 0.417766 0.127465
0.073810 0.366017 0.000010 0.428081 0.132082
0.034639 0.508117 0.000010 0.362093 0.095141
0.051969 0.431683 0.000010 0.404784 0.111554
0.039942 0.513973 0.000010 0.349002 0.097073
0.041547 0.492034 0.000010 0.369478 0.096930
0.037815 0.475674 0.003204 0.375041 0.108265
0.035523 0.492112 0.000010 0.373810 0.098545
0.029659 0.572420 0.002509 0.319355 0.076056
0.002161 0.547077 0.000010 0.387907 0.062845
0.000012 0.540225 0.000010 0.387259 0.072494
0.002137 0.540727 0.003651 0.390977 0.062508
0.000010 0.349814 0.000010 0.587901 0.062264
0.023419 0.000010 0.000010 0.976551 0.000010
0.053621 0.186122 0.000010 0.678489 0.081758
0.046405 0.335775 0.000010 0.501041 0.116769
0.000010 0.382098 0.000010 0.544842 0.073040
0.000010 0.389294 0.002087 0.526235 0.082374
0.000010 0.363665 0.000010 0.570382 0.065933
0.000010 0.373072 0.002333 0.550525 0.074060
0.000010 0.328840 0.011313 0.552946 0.106891
0.000010 0.000010 0.000010 0.999960 0.000010
0.000010 0.307916 0.000010 0.611481 0.080583
0.000010 0.296151 0.000010 0.658477 0.045351
0.000010 0.333541 0.000010 0.578605 0.087834
0.000010 0.000010 0.000010 0.999960 0.000010
0.000010 0.348193 0.000010 0.569669 0.082118
0.000010 0.000010 0.000010 0.999960 0.000010
0.000010 0.315588 0.005724 0.577221 0.101458
0.000010 0.000010 0.000010 0.999960 0.000010
0.000010 0.322192 0.000010 0.606050 0.071738
0.000010 0.377583 0.002474 0.534834 0.085099
0.000010 0.000010 0.000010 0.999960 0.000010
0.000010 0.000010 0.000010 0.999960 0.000010
0.000010 0.503323 0.000010 0.443969 0.052689
0.000010 0.515216 0.000799 0.429202 0.054773
0.043459 0.390608 0.000010 0.439681 0.126243
0.045763 0.147287 0.000010 0.717865 0.089076
0.004531 0.472421 0.000010 0.440331 0.082707
0.003106 0.463561 0.000010 0.451366 0.081957
0.000010 0.576725 0.000010 0.404982 0.018273
0.336833 0.000010 0.663137 0.000010 0.000010
0.337142 0.000010 0.662828 0.000010 0.000010
0.338752 0.000010 0.661218 0.000010 0.000010
0.000010 0.999960 0.000010 0.000010 0.000010
0.000010 0.999960 0.000010 0.000010 0.000010
0.000010 0.835075 0.000010 0.164895 0.000010
0.000010 0.999960 0.000010 0.000010 0.000010
0.000010 0.999960 0.000010 0.000010 0.000010
0.000010 0.999960 0.000010 0.000010 0.000010
0.000010 0.999960 0.000010 0.000010 0.000010
0.000010 0.776119 0.000010 0.223851 0.000010
0.000010 0.999960 0.000010 0.000010 0.000010
0.000010 0.999960 0.000010 0.000010 0.000010
0.000010 0.999960 0.000010 0.000010 0.000010
0.000010 0.999960 0.000010 0.000010 0.000010
0.000010 0.755982 0.002679 0.228550 0.012779
0.000010 0.999960 0.000010 0.000010 0.000010
0.000010 0.999960 0.000010 0.000010 0.000010
0.000010 0.999960 0.000010 0.000010 0.000010
0.000010 0.999960 0.000010 0.000010 0.000010
0.000010 0.999960 0.000010 0.000010 0.000010
0.000010 0.999960 0.000010 0.000010 0.000010
0.000010 0.999960 0.000010 0.000010 0.000010
0.039272 0.387993 0.000010 0.450119 0.122606
0.050835 0.344419 0.000010 0.463333 0.141403
0.312666 0.000010 0.021306 0.395255 0.270763
0.847614 0.000010 0.000010 0.000010 0.152356
0.847120 0.000010 0.000010 0.000010 0.152850
0.000010 0.000010 0.000010 0.999960 0.000010
0.001202 0.329939 0.007951 0.566620 0.094288
0.000010 0.000010 0.000010 0.999960 0.000010
0.004393 0.330346 0.002536 0.563688 0.099037
0.000010 0.459525 0.000010 0.465292 0.075164
0.000010 0.442866 0.000010 0.494391 0.062723
0.000010 0.000010 0.000010 0.999960 0.000010
0.000010 0.418873 0.000609 0.529121 0.051387
0.000014 0.443358 0.000010 0.498815 0.057803
0.000010 0.473502 0.000010 0.447782 0.078696
0.490405 0.000010 0.161900 0.164904 0.182781
0.493291 0.000010 0.160060 0.161311 0.185328
0.516101 0.000010 0.157049 0.147978 0.178861
0.518373 0.000010 0.164852 0.145162 0.171603
0.682004 0.000011 0.317963 0.000012 0.000010
0.695091 0.000010 0.304876 0.000012 0.000010
0.670841 0.000010 0.329129 0.000010 0.000010
0.685663 0.000010 0.301759 0.000010 0.012559
0.000010 0.000012 0.999958 0.000010 0.000010
0.000010 0.000010 0.999960 0.000010 0.000010
0.000010 0.000010 0.000010 0.000010 0.999960
0.000017 0.000011 0.999952 0.000010 0.000010
0.658425 0.000010 0.341545 0.000010 0.000010
0.681275 0.000011 0.318694 0.000010 0.000010
0.696658 0.000010 0.303310 0.000011 0.000010
0.638593 0.000010 0.331198 0.001135 0.029064
0.670411 0.000010 0.329559 0.000010 0.000010
0.689317 0.000010 0.310652 0.000011 0.000010
0.683190 0.000010 0.316779 0.000011 0.000010
0.688086 0.000010 0.311882 0.000012 0.000010
0.677295 0.000010 0.322673 0.000012 0.000010
0.677600 0.000010 0.322370 0.000010 0.000010
0.565170 0.000010 0.434800 0.000010 0.000010
0.693076 0.000011 0.306892 0.000012 0.000010
0.676506 0.000010 0.323463 0.000011 0.000010
0.000010 0.000010 0.999960 0.000010 0.000010
0.000010 0.000010 0.999960 0.000010 0.000010
0.000010 0.000010 0.999960 0.000010 0.000010
0.000010 0.000010 0.000010 0.000010 0.999960
0.000010 0.000010 0.000013 0.000010 0.999957
0.000010 0.000010 0.000010 0.000010 0.999960
0.000010 0.000010 0.999960 0.000010 0.000010
0.000010 0.000010 0.999960 0.000010 0.000010
0.676567 0.000011 0.323402 0.000010 0.000010
0.665991 0.000011 0.333978 0.000010 0.000010
0.677254 0.000010 0.322715 0.000010 0.000010
0.629840 0.000010 0.370130 0.000010 0.000010
0.687807 0.000010 0.312161 0.000012 0.000010
0.684669 0.000010 0.306461 0.000010 0.008849
0.680833 0.000011 0.319136 0.000011 0.000010
0.805443 0.000010 0.194527 0.000010 0.000010
0.221391 0.000010 0.000010 0.433664 0.344924
0.271348 0.055663 0.000010 0.404554 0.268425
0.260805 0.049400 0.000010 0.422554 0.267231
0.216798 0.000010 0.000010 0.434245 0.348936
0.875100 0.000010 0.032148 0.000010 0.092732
0.876989 0.000010 0.036369 0.000010 0.086622
0.999960 0.000010 0.000010 0.000010 0.000010
0.889298 0.000010 0.022891 0.000010 0.087791
0.832291 0.000010 0.167679 0.000010 0.000010
0.813819 0.000010 0.186151 0.000010 0.000010
0.754779 0.000012 0.200652 0.000010 0.044547
0.757313 0.000010 0.199131 0.000010 0.043535
0.745021 0.000010 0.201244 0.000010 0.053715
0.738993 0.000010 0.223265 0.000010 0.037722
0.039600 0.361589 0.000010 0.459839 0.138962
0.008330 0.039076 0.092019 0.508304 0.352271
0.786456 0.000010 0.000011 0.000010 0.213513
0.843534 0.000010 0.000010 0.000010 0.156436
0.044118 0.351724 0.000010 0.461619 0.142528
0.121061 0.307381 0.000010 0.408981 0.162567
0.046300 0.390012 0.000010 0.423958 0.139721
0.229596 0.125506 0.000010 0.410959 0.233929
0.841685 0.000010 0.000010 0.000010 0.158285
0.757798 0.000011 0.201053 0.000010 0.041128
0.754179 0.000010 0.208158 0.000010 0.037643
0.751045 0.000010 0.197573 0.000010 0.051362
0.821562 0.000010 0.178408 0.000010 0.000010
0.036785 0.260462 0.002411 0.532964 0.167378
0.999960 0.000010 0.000010 0.000010 0.000010
0.999960 0.000010 0.000010 0.000010 0.000010
0.999960 0.000010 0.000010 0.000010 0.000010
0.999960 0.000010 0.000010 0.000010 0.000010
0.999960 0.000010 0.000010 0.000010 0.000010
0.999960 0.000010 0.000010 0.000010 0.000010
0.999960 0.000010 0.000010 0.000010 0.000010
0.852519 0.000010 0.049111 0.000010 0.098350
0.337746 0.000010 0.035624 0.365456 0.261164
0.229629 0.117486 0.003840 0.402737 0.246309
0.216744 0.120732 0.002666 0.432634 0.227224
0.269697 0.084867 0.008758 0.394682 0.241995
0.343311 0.000010 0.055210 0.337626 0.263843
0.047955 0.286652 0.000010 0.485504 0.179879
0.007267 0.448497 0.001084 0.446211 0.096941
0.846847 0.000010 0.000010 0.000010 0.153123
0.191363 0.183127 0.002265 0.407798 0.215447
0.999960 0.000010 0.000010 0.000010 0.000010
0.061231 0.297497 0.000010 0.476618 0.164644
0.622758 0.000010 0.026960 0.132528 0.217743
0.848591 0.000010 0.000010 0.000010 0.151379
0.000010 0.265988 0.034846 0.526438 0.172719
0.006468 0.196308 0.052806 0.517631 0.226787
0.058301 0.286446 0.000010 0.471880 0.183364
0.055969 0.249423 0.000010 0.506610 0.187988
0.742257 0.000010 0.211313 0.000010 0.046410
