0.319262 0.000010 0.680718 0.000010
0.304104 0.000010 0.695876 0.000010
0.999970 0.000010 0.000010 0.000010
0.684355 0.000010 0.315625 0.000010
0.841774 0.000010 0.158206 0.000010
0.999970 0.000010 0.000010 0.000010
0.000010 0.263074 0.031365 0.705551
0.000010 0.273337 0.018683 0.707970
0.000010 0.268094 0.038061 0.693835
0.000010 0.146933 0.000010 0.853047
0.000010 0.137880 0.000010 0.862100
0.000010 0.104421 0.000010 0.895559
0.000010 0.107598 0.000010 0.892382
0.000010 0.084384 0.000010 0.915596
0.000010 0.121606 0.000010 0.878374
0.000010 0.127107 0.000010 0.872873
0.000010 0.131475 0.000010 0.868505
0.000010 0.317565 0.005740 0.676685
0.000010 0.303465 0.009759 0.686766
0.000010 0.268383 0.027430 0.704178
0.000010 0.260651 0.029263 0.710076
0.000010 0.325499 0.000010 0.674481
0.000010 0.267913 0.058234 0.673843
0.000010 0.255160 0.051216 0.693614
0.000010 0.263656 0.055919 0.680415
0.000010 0.191958 0.027838 0.780193
0.000010 0.220849 0.041111 0.738030
0.000010 0.191930 0.033226 0.774834
0.000010 0.200192 0.030285 0.769513
0.002992 0.208918 0.030153 0.757937
0.000010 0.199737 0.029715 0.770538
0.004343 0.154896 0.025124 0.815637
0.000010 0.142205 0.000863 0.856922
0.000010 0.156572 0.000010 0.843408
0.000010 0.152383 0.000010 0.847597
0.000010 0.160213 0.000010 0.839767
0.000010 0.342016 0.000010 0.657964
0.000010 0.303813 0.018178 0.677998
0.000010 0.278719 0.022979 0.698293
0.000010 0.177910 0.000010 0.822070
0.000010 0.185571 0.000010 0.814409
0.000010 0.172677 0.000010 0.827303
0.000010 0.181023 0.000010 0.818957
0.001125 0.235484 0.000010 0.763380
0.000010 0.172278 0.000010 0.827702
0.000010 0.196685 0.000010 0.803295
0.000010 0.173228 0.000010 0.826752
0.000010 0.195667 0.000010 0.804313
0.000010 0.181997 0.000010 0.817983
0.000010 0.192100 0.000010 0.807880
0.000010 0.173801 0.000010 0.826179
0.000010 0.218769 0.000010 0.781211
0.000010 0.150715 0.000010 0.849265
0.000010 0.189743 0.000010 0.810237
0.000010 0.191219 0.000010 0.808761
0.000010 0.155018 0.000010 0.844962
0.000010 0.123550 0.000010 0.876430
0.000010 0.131882 0.000010 0.868098
0.001393 0.142442 0.000010 0.856155
0.000010 0.259975 0.023031 0.716984
0.000010 0.332644 0.005035 0.662311
0.000010 0.181321 0.000010 0.818659
0.000010 0.180412 0.000010 0.819568
0.003009 0.078350 0.000010 0.918632
0.686059 0.000010 0.313921 0.000010
0.684645 0.000010 0.315335 0.000010
0.680846 0.000010 0.319134 0.000010
0.002035 0.000010 0.000010 0.997945
0.000010 0.000010 0.000010 0.999970
0.009016 0.000010 0.000010 0.990964
0.000010 0.000010 0.000010 0.999970
0.000014 0.000010 0.000010 0.999966
0.000010 0.000010 0.000010 0.999970
0.000010 0.000010 0.000010 0.999970
0.013913 0.000010 0.000010 0.986067
0.000010 0.000010 0.000010 0.999970
0.000010 0.000010 0.000010 0.999970
0.000552 0.000010 0.000010 0.999428
0.000010 0.000010 0.000010 0.999970
0.016490 0.008164 0.004255 0.971091
0.000309 0.000010 0.000010 0.999671
0.000010 0.000010 0.000010 0.999970
0.000010 0.000010 0.000010 0.999970
0.000010 0.000010 0.000010 0.999970
0.000010 0.000010 0.000010 0.999970
0.008281 0.000010 0.000010 0.991699
0.000010 0.000010 0.000010 0.999970
0.000010 0.257160 0.019910 0.722920
0.000010 0.275561 0.031886 0.692544
0.009584 0.449881 0.290080 0.250455
0.000010 0.127633 0.872347 0.000010
0.000010 0.126750 0.873230 0.000010
0.000010 0.166856 0.000010 0.833124
0.000010 0.217070 0.000010 0.782910
0.000010 0.169071 0.000010 0.830909
0.000010 0.217554 0.000010 0.782426
0.000010 0.161605 0.000010 0.838375
0.000010 0.162504 0.000010 0.837476
0.000010 0.133533 0.000010 0.866447
0.000010 0.154189 0.000010 0.845791
0.000010 0.153645 0.000010 0.846335
0.000010 0.168514 0.000010 0.831466
0.160386 0.284483 0.476847 0.078284
0.157372 0.291869 0.480060 0.070700
0.152450 0.278647 0.502393 0.066510
0.162055 0.268996 0.502748 0.066201
0.304630 0.000010 0.695350 0.000010
0.288367 0.000010 0.711613 0.000010
0.315463 0.000010 0.684517 0.000010
0.293507 0.000010 0.706473 0.000010
0.999968 0.000010 0.000012 0.000010
0.999970 0.000010 0.000010 0.000010
0.000010 0.999970 0.000010 0.000010
0.999970 0.000010 0.000010 0.000010
0.326219 0.000010 0.673761 0.000010
0.303482 0.000010 0.696498 0.000010
0.285554 0.000010 0.714426 0.000010
0.326440 0.022966 0.650584 0.000010
0.312140 0.000010 0.687840 0.000010
0.293356 0.000010 0.706624 0.000010
0.304823 0.000010 0.695157 0.000010
0.297777 0.000010 0.702203 0.000010
0.306257 0.000010 0.693723 0.000010
0.308935 0.000010 0.691045 0.000010
0.434007 0.000010 0.565973 0.000010
0.287648 0.000010 0.712332 0.000010
0.309659 0.000010 0.690321 0.000010
0.999961 0.000010 0.000019 0.000010
0.999970 0.000010 0.000010 0.000010
0.999970 0.000010 0.000010 0.000010
0.000015 0.999965 0.000010 0.000010
0.000010 0.999970 0.000010 0.000010
0.000010 0.999970 0.000010 0.000010
0.999965 0.000010 0.000015 0.000010
0.999970 0.000010 0.000010 0.000010
0.308654 0.000010 0.691326 0.000010
0.314055 0.000010 0.685925 0.000010
0.305483 0.000010 0.694497 0.000010
0.360642 0.000010 0.639338 0.000010
0.292436 0.000010 0.707544 0.000010
0.298930 0.000010 0.701050 0.000010
0.306934 0.000012 0.693044 0.000010
0.177960 0.000010 0.822020 0.000010
0.000010 0.999970 0.000010 0.000010
0.000010 0.442968 0.244694 0.312328
0.000010 0.483223 0.218584 0.298183
0.000010 0.999970 0.000010 0.000010
0.015518 0.091598 0.892874 0.000010
0.022469 0.082518 0.895003 0.000010
0.000010 0.000010 0.999970 0.000010
0.009375 0.077160 0.913455 0.000010
0.151735 0.000010 0.848245 0.000010
0.166958 0.000010 0.833022 0.000010
0.195095 0.036109 0.768786 0.000010
0.191717 0.034464 0.773808 0.000010
0.192497 0.046764 0.760729 0.000010
0.216409 0.023706 0.759875 0.000010
0.000010 0.274965 0.020565 0.704460
0.088420 0.521120 0.000010 0.390451
0.000010 0.216730 0.783250 0.000010
0.000010 0.138736 0.861244 0.000010
0.000010 0.275976 0.025584 0.698430
0.000010 0.302941 0.102261 0.594788
0.000010 0.263123 0.030990 0.705876
0.000010 0.404903 0.201290 0.393797
0.000010 0.139486 0.860494 0.000010
0.196452 0.029519 0.774019 0.000010
0.202326 0.027067 0.770598 0.000010
0.193838 0.048045 0.758107 0.000010
0.161695 0.000010 0.838285 0.000010
0.002127 0.323278 0.019071 0.655523
0.000010 0.000010 0.999970 0.000010
0.000010 0.000010 0.999970 0.000010
0.000010 0.000010 0.999970 0.000010
0.000010 0.000010 0.999970 0.000010
0.000010 0.000010 0.999970 0.000010
0.000010 0.000010 0.999970 0.000010
0.000010 0.000010 0.999970 0.000010
0.036548 0.095038 0.868405 0.000010
0.031124 0.432331 0.310963 0.225582
0.000010 0.419759 0.202249 0.377983
0.000010 0.398036 0.190730 0.411224
0.002538 0.410158 0.246945 0.340359
0.051834 0.429254 0.314508 0.204403
0.000010 0.332657 0.027484 0.639849
0.000010 0.205729 0.000010 0.794251
0.000010 0.136870 0.863110 0.000010
0.000010 0.374948 0.168289 0.456753
0.000010 0.000010 0.999970 0.000010
0.000010 0.318207 0.040972 0.640812
0.000010 0.376845 0.623135 0.000010
0.000010 0.120898 0.879082 0.000010
0.023250 0.313976 0.000010 0.662764
0.048544 0.377424 0.000010 0.574023
0.000010 0.335224 0.035727 0.629038
0.000010 0.345820 0.034049 0.620121
0.205841 0.038705 0.755445 0.000010
0.000010 0.128094 0.000010 0.871886
0.000010 0.153022 0.000010 0.846958
0.000010 0.121857 0.000010 0.878123
0.000010 0.141027 0.000010 0.858953
0.000010 0.118833 0.000010 0.881147
0.000010 0.149491 0.000010 0.850489
0.000010 0.106168 0.000010 0.893812
0.000010 0.149186 0.000010 0.850794
0.000010 0.141319 0.000010 0.858661
0.000010 0.160521 0.000010 0.839459
0.000010 0.123511 0.000010 0.876469
0.000010 0.128421 0.000010 0.871559
0.000010 0.135810 0.000010 0.864170
0.000010 0.155106 0.000010 0.844874
0.000010 0.199439 0.000010 0.800541
0.000010 0.160567 0.000010 0.839413
0.000010 0.119917 0.000010 0.880063
0.000010 0.129424 0.000010 0.870556
0.000010 0.155268 0.000010 0.844712
0.000010 0.258511 0.034796 0.706682
0.064384 0.277879 0.000010 0.657727
0.643938 0.184822 0.171230 0.000010
0.000010 0.274546 0.035289 0.690156
0.000010 0.416635 0.190691 0.392664
0.000010 0.186674 0.000010 0.813306
0.000010 0.255365 0.011130 0.733495
0.047316 0.253844 0.000010 0.698830
0.042737 0.254883 0.000010 0.702369
0.039498 0.253798 0.000010 0.706693
0.044005 0.250800 0.000010 0.705185
0.037156 0.247933 0.000010 0.714901
0.000010 0.282718 0.035522 0.681750
0.000010 0.209228 0.000010 0.790752
0.038553 0.255491 0.000010 0.705946
