0.000010 0.000010 0.000010 0.697002 0.000010 0.000010 0.302938 0.000010
0.000010 0.000010 0.000010 0.714662 0.000010 0.000010 0.285278 0.000010
0.000010 0.000010 0.000010 0.092955 0.000010 0.000010 0.906985 0.000010
0.000010 0.000010 0.000010 0.329705 0.000010 0.000010 0.670235 0.000010
0.000010 0.000010 0.000010 0.182156 0.000010 0.000010 0.817784 0.000010
0.000010 0.000010 0.000010 0.040950 0.000010 0.000010 0.958990 0.000010
0.343221 0.000010 0.000010 0.039897 0.015235 0.251125 0.000010 0.350492
0.391224 0.000010 0.000010 0.021099 0.014539 0.154748 0.000010 0.418361
0.345389 0.000010 0.000010 0.046028 0.013854 0.247739 0.007703 0.339267
0.127860 0.454417 0.108445 0.000010 0.221901 0.014333 0.073024 0.000010
0.136644 0.468207 0.108727 0.000011 0.212591 0.006991 0.066820 0.000010
0.196415 0.000010 0.000010 0.000010 0.000010 0.727875 0.000010 0.075660
0.236866 0.000010 0.000010 0.000010 0.000010 0.685257 0.000010 0.077826
0.000010 0.000010 0.000010 0.000010 0.000010 0.999930 0.000010 0.000010
0.000010 0.000010 0.000010 0.000010 0.000010 0.999930 0.000010 0.000010
0.000010 0.000010 0.000010 0.000010 0.000010 0.999930 0.000010 0.000010
0.000010 0.000010 0.000010 0.000010 0.000010 0.999930 0.000010 0.000010
0.188091 0.000010 0.000010 0.000010 0.000010 0.780429 0.000010 0.031430
0.000010 0.000010 0.000010 0.000010 0.000010 0.999930 0.000010 0.000010
0.403836 0.000010 0.000010 0.000010 0.000010 0.000010 0.000010 0.596104
0.425596 0.000010 0.000010 0.000010 0.000010 0.000010 0.000010 0.574344
0.376947 0.000010 0.000010 0.029825 0.012418 0.192163 0.004045 0.384583
0.370514 0.000010 0.000010 0.036646 0.014187 0.234643 0.004052 0.339938
0.000010 0.000010 0.002998 0.000010 0.000010 0.000010 0.000010 0.996942
0.337851 0.000010 0.000010 0.063206 0.011066 0.238183 0.011788 0.337886
0.379475 0.000010 0.000010 0.059861 0.002538 0.215906 0.002172 0.340028
0.349782 0.000010 0.000010 0.062477 0.010099 0.221912 0.007388 0.348322
0.517285 0.000010 0.000010 0.029587 0.000010 0.180922 0.000509 0.271667
0.438063 0.000010 0.000010 0.045787 0.003719 0.211067 0.001240 0.300104
0.527751 0.000010 0.000010 0.035260 0.000010 0.169997 0.000010 0.266952
0.491024 0.000010 0.000010 0.035582 0.000010 0.198287 0.000010 0.275067
0.472275 0.000010 0.000010 0.030093 0.003595 0.198480 0.010924 0.284614
0.491956 0.000010 0.000010 0.026429 0.000010 0.207453 0.005351 0.268782
0.582036 0.000010 0.000010 0.022008 0.000010 0.170232 0.009243 0.216451
0.538143 0.000010 0.000010 0.000010 0.000010 0.267353 0.000010 0.194454
0.526634 0.000011 0.000010 0.000010 0.000010 0.274509 0.000010 0.198806
0.543190 0.000010 0.000010 0.000010 0.000010 0.253630 0.000010 0.203130
0.000010 0.000017 0.999914 0.000010 0.000020 0.000010 0.000010 0.000010
0.207902 0.000010 0.000010 0.000010 0.000010 0.670933 0.000010 0.121115
0.000013 0.000010 0.000010 0.000010 0.000010 0.000010 0.000010 0.999927
0.000010 0.000010 0.999930 0.000010 0.000010 0.000010 0.000010 0.000010
0.000018 0.000010 0.999922 0.000010 0.000010 0.000010 0.000010 0.000010
0.290330 0.000010 0.001090 0.000010 0.000010 0.000010 0.000010 0.708530
0.392191 0.000010 0.000010 0.007590 0.005580 0.085909 0.000010 0.508701
0.318348 0.000010 0.000010 0.000010 0.000010 0.505542 0.001143 0.174927
0.332897 0.000010 0.000010 0.000010 0.000010 0.467086 0.004442 0.195535
0.307549 0.000010 0.000010 0.000010 0.000010 0.529190 0.000847 0.162375
0.315523 0.000010 0.000010 0.000010 0.000010 0.506728 0.003809 0.173899
0.266783 0.000010 0.000010 0.000010 0.000010 0.478143 0.018380 0.236654
0.000010 0.000010 0.000010 0.000010 0.000010 0.999930 0.000010 0.000010
0.220398 0.000010 0.000010 0.000010 0.000010 0.598652 0.005129 0.175781
0.246315 0.000010 0.000010 0.000010 0.000010 0.609241 0.000010 0.144394
0.242080 0.000010 0.000010 0.000010 0.000010 0.576479 0.000492 0.180909
0.000010 0.000010 0.000010 0.000010 0.000010 0.999930 0.000010 0.000010
0.277753 0.000010 0.000010 0.000010 0.000010 0.533456 0.003020 0.185731
0.180310 0.000010 0.000010 0.000010 0.000010 0.693662 0.000010 0.125978
0.242524 0.000010 0.000010 0.000010 0.000010 0.535151 0.013188 0.209097
0.000010 0.000010 0.000010 0.000010 0.000010 0.999930 0.000010 0.000010
0.239530 0.000010 0.000010 0.000010 0.000010 0.587400 0.000010 0.173021
0.290124 0.000010 0.000010 0.000010 0.000010 0.524222 0.007098 0.178516
0.000010 0.000010 0.000010 0.000010 0.000010 0.999930 0.000010 0.000010
0.457615 0.000010 0.000010 0.000010 0.000010 0.417730 0.000010 0.124605
0.472610 0.000010 0.000012 0.000010 0.000010 0.380369 0.000010 0.146970
0.495838 0.000010 0.000010 0.000010 0.000010 0.339012 0.000010 0.165100
0.375711 0.000010 0.000010 0.029231 0.013702 0.212522 0.002324 0.366490
0.219141 0.000010 0.001269 0.000010 0.000010 0.000010 0.000010 0.779539
0.452833 0.000010 0.000010 0.000010 0.002843 0.315407 0.001822 0.227065
0.441241 0.005215 0.000010 0.000010 0.004361 0.320398 0.001797 0.226967
0.542768 0.000010 0.000039 0.000010 0.000010 0.383453 0.000010 0.073700
0.000010 0.000010 0.000010 0.334567 0.000010 0.000010 0.665373 0.000010
0.000010 0.000010 0.000010 0.338119 0.000010 0.000010 0.661821 0.000010
0.000010 0.000010 0.000010 0.338132 0.000010 0.000010 0.661808 0.000010
0.999930 0.000010 0.000010 0.000010 0.000010 0.000010 0.000010 0.000010
0.999929 0.000010 0.000011 0.000010 0.000010 0.000010 0.000010 0.000010
0.999930 0.000010 0.000010 0.000010 0.000010 0.000010 0.000010 0.000010
0.999930 0.000010 0.000010 0.000010 0.000010 0.000010 0.000010 0.000010
0.999930 0.000010 0.000010 0.000010 0.000010 0.000010 0.000010 0.000010
0.999930 0.000010 0.000010 0.000010 0.000010 0.000010 0.000010 0.000010
0.999930 0.000010 0.000010 0.000010 0.000010 0.000010 0.000010 0.000010
0.803985 0.000010 0.000010 0.000010 0.000010 0.190384 0.000010 0.005581
0.999930 0.000010 0.000010 0.000010 0.000010 0.000010 0.000010 0.000010
0.999930 0.000010 0.000010 0.000010 0.000010 0.000010 0.000010 0.000010
0.999927 0.000013 0.000010 0.000010 0.000010 0.000010 0.000010 0.000010
0.999930 0.000010 0.000010 0.000010 0.000010 0.000010 0.000010 0.000010
0.772522 0.000010 0.000010 0.000010 0.000010 0.177624 0.000010 0.049804
0.999930 0.000010 0.000010 0.000010 0.000010 0.000010 0.000010 0.000010
0.999925 0.000015 0.000010 0.000010 0.000010 0.000010 0.000010 0.000010
0.999930 0.000010 0.000010 0.000010 0.000010 0.000010 0.000010 0.000010
0.999930 0.000010 0.000010 0.000010 0.000010 0.000010 0.000010 0.000010
0.999930 0.000010 0.000010 0.000010 0.000010 0.000010 0.000010 0.000010
0.999927 0.000010 0.000013 0.000010 0.000010 0.000010 0.000010 0.000010
0.999925 0.000014 0.000010 0.000010 0.000010 0.000010 0.000010 0.000010
0.349402 0.000010 0.000010 0.030302 0.018256 0.293928 0.010372 0.297720
0.310887 0.000010 0.000010 0.043420 0.020464 0.275134 0.005036 0.345039
0.000010 0.000010 0.000010 0.315126 0.000010 0.118875 0.056734 0.509224
0.000010 0.000010 0.000010 0.939128 0.000010 0.000010 0.000010 0.060812
0.000010 0.000010 0.000010 0.944859 0.000010 0.000010 0.000010 0.055081
0.000010 0.000010 0.000010 0.000010 0.000010 0.999930 0.000010 0.000010
0.248787 0.000010 0.000010 0.000010 0.000010 0.534029 0.013382 0.203762
0.205410 0.000010 0.000010 0.000010 0.000010 0.674613 0.000010 0.119927
0.245710 0.000010 0.000010 0.004297 0.000010 0.538370 0.008934 0.202660
0.419294 0.000010 0.000010 0.000010 0.000010 0.395070 0.000010 0.185586
0.427570 0.000011 0.000010 0.000010 0.000010 0.391131 0.000010 0.181248
0.426526 0.000014 0.030692 0.000010 0.000010 0.410972 0.000010 0.131767
0.438214 0.000010 0.000010 0.000010 0.000010 0.386334 0.000010 0.175402
0.419937 0.000010 0.000010 0.000010 0.000010 0.416199 0.000010 0.163814
0.439313 0.000010 0.000010 0.000010 0.000010 0.363742 0.000010 0.196895
0.000010 0.010194 0.000010 0.000010 0.989746 0.000010 0.000010 0.000010
0.000010 0.000010 0.000010 0.507643 0.000010 0.000010 0.187729 0.304579
0.000010 0.000010 0.000010 0.506995 0.000010 0.000010 0.187087 0.305868
0.000010 0.000010 0.000010 0.536737 0.000010 0.000010 0.179252 0.283961
0.000010 0.000010 0.000010 0.535954 0.000010 0.000010 0.190191 0.273805
0.000010 0.000010 0.000010 0.715751 0.000010 0.000010 0.284189 0.000010
0.000010 0.000010 0.000010 0.729061 0.000010 0.000010 0.270879 0.000010
0.000010 0.000010 0.000010 0.703935 0.000010 0.000010 0.296005 0.000010
0.000010 0.000010 0.000010 0.721288 0.000010 0.000010 0.278652 0.000010
0.000010 0.000010 0.000010 0.000010 0.000010 0.000010 0.999930 0.000010
0.000010 0.000010 0.000010 0.000010 0.000010 0.000010 0.999930 0.000010
0.000010 0.000010 0.000010 0.000010 0.000010 0.000010 0.310775 0.689165
0.000010 0.000010 0.000010 0.000010 0.000010 0.000010 0.999930 0.000010
0.000010 0.000010 0.000010 0.691586 0.000010 0.000010 0.308354 0.000010
0.000012 0.000010 0.000010 0.715008 0.000010 0.000010 0.284929 0.000010
0.000010 0.000010 0.000010 0.730815 0.000010 0.000010 0.269125 0.000010
0.000010 0.000010 0.000010 0.682305 0.000010 0.000010 0.317635 0.000010
0.000010 0.000010 0.000010 0.708125 0.000010 0.000010 0.291815 0.000010
0.000010 0.000010 0.000010 0.721510 0.000010 0.000010 0.278430 0.000010
0.000010 0.000010 0.000010 0.714515 0.000010 0.000010 0.285425 0.000010
0.000010 0.000010 0.000010 0.720175 0.000010 0.000010 0.279765 0.000010
0.000010 0.000010 0.000010 0.714188 0.000010 0.000010 0.285752 0.000010
0.000010 0.000010 0.000010 0.710226 0.000010 0.000010 0.289714 0.000010
0.000010 0.000010 0.000010 0.581588 0.000010 0.000010 0.418352 0.000010
0.000011 0.000010 0.000010 0.729665 0.000010 0.000010 0.270274 0.000010
0.000010 0.000010 0.000010 0.709896 0.000010 0.000010 0.290044 0.000010
0.000010 0.000010 0.000010 0.000010 0.000010 0.000010 0.999930 0.000010
0.000010 0.000010 0.000010 0.000010 0.000010 0.000010 0.999930 0.000010
0.000017 0.000019 0.000010 0.000010 0.000010 0.000016 0.999907 0.000010
0.000010 0.000010 0.000010 0.000010 0.000010 0.000010 0.310693 0.689247
0.000014 0.000010 0.000011 0.000011 0.000010 0.000010 0.269139 0.730795
0.000014 0.000011 0.000010 0.000010 0.000010 0.000010 0.260578 0.739356
0.000010 0.000010 0.000010 0.000010 0.000010 0.000010 0.999930 0.000010
0.000010 0.000010 0.000010 0.000010 0.000010 0.000010 0.999930 0.000010
0.000010 0.000010 0.000010 0.708416 0.000010 0.000010 0.291524 0.000010
0.000010 0.000010 0.000012 0.701585 0.000010 0.000010 0.298353 0.000010
0.000010 0.000012 0.000010 0.710242 0.000010 0.000010 0.289696 0.000010
0.000012 0.000010 0.000010 0.660398 0.000010 0.000010 0.339540 0.000010
0.000010 0.000010 0.000010 0.722086 0.000010 0.000019 0.277845 0.000010
0.000010 0.000010 0.000010 0.718356 0.000010 0.000010 0.281584 0.000010
0.000010 0.000012 0.000010 0.711963 0.000010 0.000010 0.287975 0.000010
0.000010 0.000011 0.000010 0.838537 0.000010 0.000010 0.161402 0.000010
0.000010 0.000010 0.000010 0.182116 0.000010 0.000010 0.000010 0.817824
0.016192 0.000010 0.000010 0.269924 0.000010 0.156771 0.035435 0.521649
0.000010 0.000010 0.000010 0.260609 0.000010 0.145026 0.022476 0.571849
0.000010 0.000010 0.000010 0.176340 0.000010 0.000010 0.000010 0.823600
0.000010 0.000010 0.000010 0.920390 0.000010 0.000010 0.032268 0.047293
0.000010 0.000010 0.000010 0.920996 0.000010 0.000010 0.040695 0.038259
0.000010 0.000010 0.000010 0.999930 0.000010 0.000010 0.000010 0.000010
0.000010 0.000010 0.000010 0.951021 0.000010 0.000010 0.028089 0.020841
0.000010 0.000010 0.000010 0.866544 0.000010 0.000010 0.133396 0.000010
0.000010 0.000010 0.000010 0.847483 0.000010 0.000010 0.152457 0.000010
0.000010 0.000010 0.000010 0.802842 0.000010 0.000010 0.197098 0.000010
0.000010 0.000010 0.000010 0.806125 0.000010 0.000010 0.193815 0.000010
0.000010 0.000010 0.000010 0.794350 0.000010 0.000010 0.201611 0.003989
0.000010 0.000010 0.000010 0.785749 0.000010 0.000010 0.214191 0.000010
0.329377 0.000010 0.000010 0.032048 0.021707 0.273718 0.008547 0.334582
0.000010 0.000010 0.000010 0.000010 0.000010 0.276644 0.165348 0.557957
0.000010 0.000010 0.000010 0.826065 0.000010 0.000010 0.023584 0.150302
0.000010 0.000010 0.000010 0.927127 0.000010 0.000010 0.000010 0.072813
0.318887 0.000010 0.000010 0.033834 0.021714 0.276647 0.012439 0.336459
0.289065 0.000010 0.000010 0.112850 0.000010 0.203212 0.016027 0.378816
0.353736 0.000010 0.000010 0.039641 0.031138 0.241649 0.009250 0.324566
0.102826 0.000010 0.000010 0.224645 0.000010 0.169275 0.029235 0.473990
0.000010 0.000010 0.000010 0.927890 0.000010 0.000010 0.000010 0.072050
0.000010 0.000010 0.000010 0.808279 0.000010 0.000010 0.191661 0.000010
0.000010 0.000010 0.000010 0.799856 0.000010 0.000010 0.200084 0.000010
0.000010 0.000010 0.000010 0.796501 0.000010 0.000010 0.192665 0.010784
0.000010 0.000010 0.000010 0.852299 0.000010 0.000010 0.147641 0.000010
0.211668 0.000010 0.000010 0.027599 0.000010 0.376387 0.025680 0.358636
0.000010 0.000010 0.000010 0.999930 0.000010 0.000010 0.000010 0.000010
0.000010 0.000010 0.000010 0.999930 0.000010 0.000010 0.000010 0.000010
0.000010 0.000010 0.000010 0.999930 0.000010 0.000010 0.000010 0.000010
0.000010 0.000010 0.000010 0.999930 0.000010 0.000010 0.000010 0.000010
0.000010 0.000010 0.000010 0.999930 0.000010 0.000010 0.000010 0.000010
0.000010 0.000010 0.000010 0.999930 0.000010 0.000010 0.000010 0.000010
0.000010 0.000010 0.000010 0.999930 0.000010 0.000010 0.000010 0.000010
0.000010 0.000010 0.000010 0.891364 0.000010 0.000010 0.054493 0.054093
0.000010 0.000010 0.000010 0.339010 0.000010 0.096054 0.073378 0.491518
0.094537 0.000010 0.000010 0.224855 0.000010 0.152447 0.035541 0.492590
0.095151 0.000010 0.000010 0.211317 0.000010 0.199967 0.033123 0.460411
0.053212 0.000010 0.000010 0.268525 0.000010 0.166470 0.041716 0.470047
0.000010 0.000010 0.000010 0.345813 0.000010 0.081709 0.095168 0.477270
0.000010 0.000010 0.000010 0.000010 0.999930 0.000010 0.000010 0.000010
0.236884 0.000010 0.000010 0.037948 0.000010 0.314610 0.021041 0.389487
0.431208 0.000010 0.000010 0.000010 0.008643 0.282304 0.003863 0.273951
0.000010 0.000010 0.999930 0.000010 0.000010 0.000010 0.000010 0.000010
0.000010 0.000010 0.999930 0.000010 0.000010 0.000010 0.000010 0.000010
0.000010 0.000010 0.999927 0.000010 0.000011 0.000012 0.000010 0.000010
0.000010 0.000010 0.999930 0.000010 0.000010 0.000010 0.000010 0.000010
0.000010 0.000010 0.000010 0.000010 0.999930 0.000010 0.000010 0.000010
0.000010 0.000010 0.000010 0.000010 0.999930 0.000010 0.000010 0.000010
0.000010 0.000010 0.000010 0.000010 0.999930 0.000010 0.000010 0.000010
0.000010 0.000010 0.000010 0.929332 0.000010 0.000010 0.000010 0.070608
0.000010 0.155579 0.000010 0.000010 0.844361 0.000010 0.000010 0.000010
0.000010 0.000010 0.000010 0.000010 0.999930 0.000010 0.000010 0.000010
0.000010 0.000010 0.000010 0.000010 0.999930 0.000010 0.000010 0.000010
0.000010 0.000010 0.000010 0.000010 0.999930 0.000010 0.000010 0.000010
0.000010 0.000010 0.000010 0.000010 0.999930 0.000010 0.000010 0.000010
0.000010 0.000010 0.000010 0.000010 0.999930 0.000010 0.000010 0.000010
0.000010 0.000010 0.000010 0.000010 0.999930 0.000010 0.000010 0.000010
0.000010 0.000010 0.000010 0.000010 0.999930 0.000010 0.000010 0.000010
0.164449 0.000010 0.000010 0.186436 0.000010 0.177273 0.027488 0.444324
0.000010 0.000010 0.000010 0.000010 0.999930 0.000010 0.000010 0.000010
0.000010 0.000010 0.000010 0.000010 0.999930 0.000010 0.000010 0.000010
0.000010 0.000010 0.000010 0.000010 0.999930 0.000010 0.000010 0.000010
0.000010 0.000010 0.000010 0.000010 0.999930 0.000010 0.000010 0.000010
0.000010 0.000010 0.000010 0.000010 0.999930 0.000010 0.000010 0.000010
0.000010 0.000010 0.000010 0.000010 0.999930 0.000010 0.000010 0.000010
0.000010 0.000010 0.000010 0.000010 0.999930 0.000010 0.000010 0.000010
0.000010 0.000010 0.000010 0.000010 0.999930 0.000010 0.000010 0.000010
0.000010 0.000010 0.000010 0.000010 0.999930 0.000010 0.000010 0.000010
0.000010 0.032070 0.000010 0.000010 0.967870 0.000010 0.000010 0.000010
0.000010 0.000010 0.000010 0.000010 0.999930 0.000010 0.000010 0.000010
0.000010 0.044757 0.000010 0.000010 0.955183 0.000010 0.000010 0.000010
0.000010 0.000010 0.000010 0.000010 0.999930 0.000010 0.000010 0.000010
0.000010 0.057567 0.000010 0.000010 0.942373 0.000010 0.000010 0.000010
0.000010 0.000010 0.000010 0.000010 0.999930 0.000010 0.000010 0.000010
0.000010 0.114976 0.000010 0.000010 0.884964 0.000010 0.000010 0.000010
0.000010 0.117939 0.000010 0.000010 0.882001 0.000010 0.000010 0.000010
0.000010 0.475050 0.002233 0.000011 0.522666 0.000010 0.000010 0.000010
0.000010 0.999930 0.000010 0.000010 0.000010 0.000010 0.000010 0.000010
0.000010 0.999930 0.000010 0.000010 0.000010 0.000010 0.000010 0.000010
0.000010 0.999930 0.000010 0.000010 0.000010 0.000010 0.000010 0.000010
0.000010 0.999930 0.000010 0.000010 0.000010 0.000010 0.000010 0.000010
0.000010 0.445302 0.000010 0.000010 0.554638 0.000010 0.000010 0.000010
0.000010 0.442220 0.000010 0.000010 0.557720 0.000010 0.000010 0.000010
0.000010 0.445966 0.000010 0.000010 0.553974 0.000010 0.000010 0.000010
0.000010 0.459027 0.000010 0.000010 0.540913 0.000010 0.000010 0.000010
0.000010 0.450938 0.001302 0.000010 0.547710 0.000010 0.000010 0.000010
0.000010 0.456504 0.000876 0.000010 0.542570 0.000010 0.000010 0.000010
0.000010 0.457808 0.000794 0.000010 0.541347 0.000010 0.000010 0.000010
0.000010 0.430230 0.000849 0.000010 0.568871 0.000010 0.000010 0.000010
0.000010 0.471066 0.002783 0.000010 0.526100 0.000010 0.000010 0.000010
0.000011 0.478929 0.007936 0.000010 0.513084 0.000010 0.000010 0.000010
0.000010 0.453824 0.003540 0.000010 0.542586 0.000010 0.000010 0.000010
0.000010 0.999930 0.000010 0.000010 0.000010 0.000010 0.000010 0.000010
0.000010 0.000010 0.000010 0.999930 0.000010 0.000010 0.000010 0.000010
0.000010 0.999930 0.000010 0.000010 0.000010 0.000010 0.000010 0.000010
0.000010 0.999930 0.000010 0.000010 0.000010 0.000010 0.000010 0.000010
0.000010 0.999930 0.000010 0.000010 0.000010 0.000010 0.000010 0.000010
0.000010 0.999930 0.000010 0.000010 0.000010 0.000010 0.000010 0.000010
0.000010 0.999930 0.000010 0.000010 0.000010 0.000010 0.000010 0.000010
0.000010 0.667119 0.000010 0.000010 0.332821 0.000010 0.000010 0.000010
0.000010 0.821552 0.000010 0.000010 0.178388 0.000010 0.000010 0.000010
0.000010 0.999930 0.000010 0.000010 0.000010 0.000010 0.000010 0.000010
0.000010 0.999930 0.000010 0.000010 0.000010 0.000010 0.000010 0.000010
0.000010 0.000010 0.999925 0.000010 0.000014 0.000011 0.000010 0.000010
0.000011 0.000010 0.999929 0.000010 0.000010 0.000010 0.000010 0.000010
0.000010 0.000010 0.000010 0.000010 0.999930 0.000010 0.000010 0.000010
0.000010 0.000010 0.000010 0.000010 0.999930 0.000010 0.000010 0.000010
0.278583 0.000010 0.000010 0.056434 0.017170 0.251416 0.006531 0.389847
0.000010 0.000010 0.000010 0.652227 0.000010 0.000010 0.047979 0.299744
0.000010 0.000010 0.000010 0.948036 0.000010 0.000010 0.000010 0.051904
0.218237 0.000010 0.004209 0.000010 0.000010 0.380591 0.057611 0.339322
0.135673 0.000010 0.000010 0.000010 0.000010 0.356630 0.090674 0.416983
0.246733 0.000010 0.000371 0.044130 0.000010 0.271992 0.023819 0.412935
0.201111 0.000019 0.000010 0.050759 0.000010 0.324468 0.012644 0.410979
0.000010 0.000010 0.000010 0.000010 0.999930 0.000010 0.000010 0.000010
0.000010 0.000010 0.000010 0.000010 0.999930 0.000010 0.000010 0.000010
0.000010 0.595901 0.000010 0.000010 0.404039 0.000010 0.000010 0.000010
0.000010 0.450501 0.006052 0.000010 0.543396 0.000010 0.000010 0.000010
0.000010 0.120227 0.000010 0.000010 0.879713 0.000010 0.000010 0.000010
0.000010 0.000010 0.000010 0.000010 0.999930 0.000010 0.000010 0.000010
0.000010 0.000010 0.000010 0.793746 0.000010 0.000010 0.206194 0.000010
0.199204 0.000010 0.000010 0.000010 0.000010 0.800736 0.000010 0.000010
0.323431 0.000010 0.002445 0.000010 0.000010 0.530414 0.000010 0.143670
0.000010 0.000010 0.000010 0.000010 0.000010 0.999930 0.000010 0.000010
0.260153 0.000010 0.000013 0.000010 0.000010 0.651169 0.000010 0.088625
0.000010 0.000010 0.000010 0.000010 0.000010 0.999930 0.000010 0.000010
0.248612 0.000010 0.000010 0.000010 0.000010 0.640578 0.000010 0.110760
0.000010 0.000010 0.000010 0.000010 0.000010 0.999930 0.000010 0.000010
0.245312 0.000010 0.000946 0.000010 0.000010 0.654194 0.000010 0.099508
0.252486 0.000010 0.000010 0.000010 0.000010 0.663308 0.000010 0.084156
0.282628 0.000010 0.002084 0.000010 0.000010 0.583276 0.001088 0.130895
0.000010 0.000010 0.000010 0.000010 0.000010 0.999930 0.000010 0.000010
0.154555 0.000010 0.000010 0.000010 0.000010 0.839613 0.000010 0.005782
0.098913 0.000010 0.000010 0.000010 0.000010 0.901027 0.000010 0.000010
0.228679 0.000010 0.000010 0.000010 0.000010 0.657378 0.000010 0.113893
0.276673 0.000010 0.000010 0.000010 0.000010 0.524501 0.005469 0.193318
0.292744 0.000010 0.000010 0.000010 0.000010 0.575046 0.005407 0.126763
0.000010 0.000010 0.000010 0.000010 0.000010 0.999930 0.000010 0.000010
0.000010 0.000010 0.000010 0.000010 0.000010 0.999930 0.000010 0.000010
0.282054 0.000010 0.000015 0.000010 0.000010 0.603114 0.000010 0.114777
0.318297 0.007208 0.005709 0.039588 0.022296 0.275904 0.008842 0.322157
0.237812 0.000010 0.011463 0.000010 0.000010 0.346581 0.092569 0.311545
0.000010 0.000010 0.002819 0.187967 0.000010 0.000010 0.670430 0.138744
0.312197 0.001515 0.008869 0.042643 0.036051 0.245959 0.011415 0.341351
0.076364 0.000010 0.003370 0.216888 0.000010 0.165548 0.030168 0.507642
0.368638 0.002855 0.013718 0.000010 0.012668 0.379022 0.010507 0.212582
0.351373 0.005475 0.007353 0.021079 0.016038 0.288011 0.000010 0.310661
0.313130 0.000010 0.008817 0.000010 0.016571 0.316422 0.071319 0.273721
0.270729 0.012330 0.013420 0.000010 0.000010 0.351395 0.062835 0.289270
0.301170 0.005013 0.009089 0.000010 0.007018 0.329684 0.060788 0.287228
0.277803 0.004983 0.015822 0.000010 0.000010 0.340712 0.063837 0.296823
0.310907 0.008945 0.010710 0.000010 0.000477 0.337255 0.055295 0.276401
0.295134 0.000010 0.010619 0.040508 0.033331 0.254255 0.012560 0.353583
0.347728 0.000010 0.012419 0.000010 0.014408 0.385852 0.012951 0.226622
0.280315 0.000010 0.009169 0.000010 0.006403 0.350311 0.055236 0.298546
