0.000010 0.690691 0.000010 0.000010 0.309269 0.000010
0.000010 0.708594 0.000010 0.000010 0.291366 0.000010
0.000010 0.008989 0.000010 0.000010 0.990971 0.000010
0.000010 0.309304 0.000010 0.000010 0.690656 0.000010
0.000010 0.158994 0.000010 0.000010 0.840966 0.000010
0.000010 0.000010 0.000010 0.000010 0.999950 0.000010
0.018821 0.067611 0.420846 0.483364 0.009348 0.000010
0.020562 0.064158 0.426566 0.486027 0.002677 0.000010
0.017173 0.070909 0.423597 0.468731 0.019579 0.000010
0.668073 0.000010 0.144945 0.000010 0.073040 0.113923
0.671315 0.000010 0.147140 0.000010 0.066921 0.114604
0.000010 0.000010 0.488316 0.511644 0.000010 0.000010
0.000010 0.000010 0.513274 0.486686 0.000010 0.000010
0.000010 0.000010 0.422333 0.577627 0.000010 0.000010
0.000010 0.000010 0.416405 0.583555 0.000010 0.000010
0.000010 0.000010 0.490899 0.509061 0.000010 0.000010
0.000010 0.000010 0.494782 0.505178 0.000010 0.000010
0.000010 0.000010 0.499961 0.499904 0.000010 0.000105
0.000010 0.000010 0.486136 0.513824 0.000010 0.000010
0.009043 0.064532 0.388484 0.534835 0.003096 0.000010
0.019429 0.059325 0.397644 0.517938 0.005655 0.000010
0.018490 0.060710 0.431169 0.470405 0.019217 0.000010
0.017583 0.061837 0.445540 0.458290 0.016740 0.000010
0.018141 0.048300 0.314373 0.619166 0.000010 0.000010
0.015230 0.088140 0.413134 0.459851 0.023635 0.000010
0.009700 0.085149 0.443074 0.446723 0.015344 0.000010
0.015263 0.088422 0.419203 0.455667 0.021436 0.000010
0.003277 0.050053 0.566240 0.369603 0.010817 0.000010
0.008892 0.068550 0.498967 0.410629 0.012952 0.000010
0.000010 0.057689 0.582704 0.351179 0.008408 0.000010
0.005420 0.057525 0.550518 0.377148 0.009379 0.000010
0.009740 0.051590 0.530414 0.386750 0.021495 0.000010
0.000010 0.047743 0.559149 0.378594 0.014494 0.000010
0.000010 0.039189 0.635672 0.307829 0.017290 0.000010
0.000010 0.014736 0.637314 0.345401 0.002528 0.000010
0.000010 0.013231 0.626798 0.359941 0.000010 0.000010
0.000010 0.010778 0.633381 0.346288 0.009534 0.000010
0.000010 0.000011 0.000010 0.000010 0.000010 0.999949
0.000010 0.000010 0.477536 0.522424 0.000010 0.000010
0.010323 0.043196 0.290528 0.655933 0.000010 0.000010
0.000010 0.000010 0.000010 0.000010 0.000010 0.999950
0.000010 0.000010 0.000010 0.000010 0.000010 0.999950
0.018933 0.070489 0.369545 0.541007 0.000015 0.000010
0.019296 0.066679 0.412561 0.495392 0.006061 0.000010
0.000010 0.002029 0.502352 0.489902 0.005696 0.000010
0.000010 0.000010 0.501592 0.485015 0.013362 0.000010
0.000010 0.000010 0.499193 0.496155 0.004622 0.000010
0.000010 0.000010 0.505989 0.483514 0.010467 0.000010
0.000010 0.003423 0.436392 0.532112 0.028052 0.000010
0.000010 0.000010 0.399132 0.600828 0.000010 0.000010
0.000010 0.000010 0.454109 0.536707 0.009154 0.000010
0.000010 0.000010 0.474025 0.525935 0.000010 0.000010
0.000010 0.000010 0.459501 0.535219 0.005250 0.000010
0.000010 0.000010 0.396596 0.603364 0.000010 0.000010
0.000010 0.000010 0.474892 0.515292 0.009786 0.000010
0.000010 0.000010 0.437688 0.562272 0.000010 0.000010
0.000010 0.004298 0.441157 0.535638 0.018887 0.000010
0.000010 0.000010 0.000010 0.999950 0.000010 0.000010
0.000010 0.000010 0.458886 0.541074 0.000010 0.000010
0.000010 0.004494 0.487520 0.497380 0.010586 0.000010
0.000010 0.000010 0.000010 0.999950 0.000010 0.000010
0.000010 0.000010 0.610248 0.389712 0.000010 0.000010
0.000010 0.000010 0.615431 0.379532 0.005007 0.000010
0.000010 0.003163 0.619906 0.368903 0.008008 0.000010
0.018172 0.057687 0.439651 0.468495 0.015986 0.000010
0.012020 0.064733 0.331901 0.591326 0.000010 0.000010
0.005762 0.011320 0.561058 0.409362 0.012487 0.000010
0.012904 0.012447 0.553726 0.410273 0.010641 0.000010
0.000010 0.000010 0.682031 0.317253 0.000010 0.000686
0.000010 0.314893 0.000010 0.000010 0.685067 0.000010
0.000010 0.319044 0.000010 0.000010 0.680916 0.000010
0.000010 0.318969 0.000010 0.000010 0.680991 0.000010
0.000010 0.000010 0.999950 0.000010 0.000010 0.000010
0.000010 0.000010 0.999950 0.000010 0.000010 0.000010
0.000010 0.000010 0.999950 0.000010 0.000010 0.000010
0.000010 0.000010 0.999950 0.000010 0.000010 0.000010
0.000010 0.000010 0.999950 0.000010 0.000010 0.000010
0.000010 0.000010 0.999950 0.000010 0.000010 0.000010
0.000010 0.000010 0.999950 0.000010 0.000010 0.000010
0.000010 0.000010 0.864775 0.135185 0.000010 0.000010
0.000010 0.000010 0.999950 0.000010 0.000010 0.000010
0.000010 0.000010 0.999950 0.000010 0.000010 0.000010
0.000010 0.000010 0.999950 0.000010 0.000010 0.000010
0.000010 0.000010 0.999950 0.000010 0.000010 0.000010
0.000010 0.002624 0.839451 0.157895 0.000010 0.000010
0.000010 0.000010 0.999950 0.000010 0.000010 0.000010
0.000010 0.000010 0.999950 0.000010 0.000010 0.000010
0.000010 0.000010 0.999950 0.000010 0.000010 0.000010
0.000010 0.000010 0.999950 0.000010 0.000010 0.000010
0.000010 0.000010 0.999950 0.000010 0.000010 0.000010
0.000010 0.000010 0.999950 0.000010 0.000010 0.000010
0.000010 0.000010 0.999950 0.000010 0.000010 0.000010
0.020015 0.050526 0.448998 0.460552 0.019899 0.000010
0.022585 0.067408 0.396283 0.496771 0.016944 0.000010
0.000010 0.355437 0.000010 0.572079 0.072454 0.000010
0.000010 0.999950 0.000010 0.000010 0.000010 0.000010
0.000010 0.999950 0.000010 0.000010 0.000010 0.000010
0.000010 0.000014 0.427876 0.572079 0.000010 0.000010
0.000010 0.004990 0.447624 0.529221 0.018145 0.000010
0.000010 0.000010 0.452663 0.547297 0.000010 0.000010
0.000010 0.011073 0.441980 0.534686 0.012242 0.000010
0.000010 0.003311 0.568248 0.425219 0.003202 0.000010
0.000010 0.006745 0.561546 0.431680 0.000010 0.000010
0.000010 0.000014 0.576024 0.392706 0.000010 0.031236
0.000010 0.000783 0.581697 0.410528 0.006972 0.000010
0.000010 0.000010 0.565086 0.433717 0.001167 0.000010
0.000010 0.008016 0.569877 0.416809 0.005277 0.000010
0.999947 0.000010 0.000010 0.000010 0.000013 0.000010
0.000010 0.531194 0.000010 0.270016 0.198760 0.000010
0.000010 0.532283 0.000010 0.268726 0.198961 0.000010
0.000010 0.560643 0.000016 0.249539 0.189782 0.000010
0.000010 0.559271 0.000010 0.239225 0.201474 0.000010
0.000010 0.708790 0.000010 0.000010 0.291170 0.000010
0.000010 0.722411 0.000010 0.000016 0.277544 0.000010
0.000010 0.696959 0.000010 0.000010 0.303001 0.000010
0.000010 0.715103 0.000010 0.000010 0.284857 0.000010
0.000010 0.000010 0.000010 0.000010 0.999950 0.000010
0.000010 0.000010 0.000010 0.000010 0.999950 0.000010
0.000013 0.054209 0.000010 0.595317 0.350440 0.000010
0.000010 0.000010 0.000010 0.000010 0.999950 0.000010
0.000010 0.683252 0.000010 0.000010 0.316708 0.000010
0.000010 0.707930 0.000010 0.000010 0.292030 0.000010
0.000010 0.724704 0.000010 0.000010 0.275256 0.000010
0.000010 0.676338 0.000010 0.000010 0.323622 0.000010
0.000010 0.700203 0.000010 0.000010 0.299757 0.000010
0.000010 0.715000 0.000010 0.000010 0.284960 0.000010
0.000010 0.708671 0.000010 0.000010 0.291289 0.000010
0.000010 0.714306 0.000013 0.000010 0.285651 0.000010
0.000010 0.706620 0.000010 0.000010 0.293340 0.000010
0.000010 0.703695 0.000010 0.000010 0.296265 0.000010
0.000010 0.572045 0.000010 0.000010 0.427915 0.000010
0.000010 0.723240 0.000010 0.000010 0.276720 0.000010
0.000010 0.703031 0.000010 0.000010 0.296929 0.000010
0.000010 0.000010 0.000010 0.000010 0.999950 0.000010
0.000010 0.000010 0.000010 0.000010 0.999950 0.000010
0.000010 0.000010 0.000010 0.000010 0.999950 0.000010
0.000010 0.044647 0.000010 0.590724 0.364599 0.000010
0.000010 0.000192 0.000010 0.607657 0.392121 0.000010
0.000010 0.000010 0.000010 0.610858 0.389102 0.000010
0.000010 0.000010 0.000010 0.000010 0.999950 0.000010
0.000010 0.000010 0.000010 0.000010 0.999950 0.000010
0.000010 0.702142 0.000010 0.000010 0.297818 0.000010
0.000010 0.694677 0.000010 0.000010 0.305283 0.000010
0.000010 0.703230 0.000010 0.000010 0.296730 0.000010
0.000010 0.652665 0.000010 0.000010 0.347295 0.000010
0.000010 0.715741 0.000010 0.000010 0.284219 0.000010
0.000010 0.712530 0.000011 0.000010 0.287429 0.000010
0.000010 0.704875 0.000010 0.000010 0.295085 0.000010
0.000010 0.836920 0.000010 0.000019 0.163031 0.000010
0.000010 0.299447 0.000010 0.700513 0.000010 0.000010
0.000010 0.313620 0.000010 0.634711 0.051639 0.000010
0.000010 0.309293 0.000010 0.651367 0.039310 0.000010
0.000010 0.296063 0.000010 0.703897 0.000010 0.000010
0.000010 0.945890 0.000010 0.017516 0.036564 0.000010
0.000010 0.953014 0.000010 0.001545 0.045411 0.000010
0.000011 0.999949 0.000010 0.000010 0.000010 0.000010
0.000010 0.975289 0.000010 0.000010 0.024671 0.000010
0.000010 0.865981 0.000010 0.000010 0.133979 0.000010
0.000010 0.846712 0.000018 0.000010 0.153240 0.000010
0.000010 0.801716 0.000010 0.000010 0.198244 0.000010
0.000010 0.805533 0.000010 0.000010 0.194427 0.000010
0.000010 0.795455 0.000010 0.000013 0.204503 0.000010
0.000010 0.784711 0.000010 0.000010 0.215249 0.000010
0.023495 0.056051 0.414413 0.487161 0.018871 0.000010
0.000010 0.013636 0.000010 0.787667 0.198667 0.000010
0.000010 0.853336 0.000010 0.109816 0.036818 0.000010
0.000010 0.980072 0.000010 0.019888 0.000010 0.000010
0.023639 0.057067 0.406993 0.488445 0.023845 0.000010
0.004846 0.141471 0.342503 0.481257 0.029913 0.000010
0.032953 0.063167 0.429097 0.454697 0.020076 0.000010
0.000010 0.262114 0.135055 0.557187 0.045624 0.000010
0.000010 0.981788 0.000010 0.018172 0.000010 0.000010
0.000010 0.807377 0.000014 0.000015 0.192575 0.000010
0.000010 0.798741 0.000010 0.000010 0.201219 0.000010
0.000010 0.801476 0.000010 0.000010 0.198484 0.000010
0.000010 0.850535 0.000012 0.000010 0.149423 0.000010
0.000010 0.049171 0.335849 0.578496 0.036464 0.000010
0.000010 0.999950 0.000010 0.000010 0.000010 0.000010
0.000010 0.999950 0.000010 0.000010 0.000010 0.000010
0.000010 0.999950 0.000010 0.000010 0.000010 0.000010
0.000010 0.999950 0.000010 0.000010 0.000010 0.000010
0.000010 0.999950 0.000010 0.000010 0.000010 0.000010
0.000010 0.999950 0.000010 0.000010 0.000010 0.000010
0.000010 0.999950 0.000010 0.000010 0.000010 0.000010
0.000010 0.911814 0.000010 0.028140 0.060016 0.000010
0.000010 0.379029 0.000010 0.531953 0.088989 0.000010
0.000010 0.264051 0.116377 0.566672 0.052879 0.000010
0.000010 0.246752 0.139976 0.564624 0.048628 0.000010
0.000010 0.306785 0.080864 0.554938 0.057393 0.000010
0.000010 0.382120 0.000010 0.506267 0.111583 0.000010
0.999950 0.000010 0.000010 0.000010 0.000010 0.000010
0.000010 0.063553 0.338287 0.563719 0.034422 0.000010
0.012611 0.016967 0.523345 0.431579 0.015488 0.000010
0.000010 0.000010 0.000010 0.000010 0.000010 0.999950
0.000012 0.000018 0.000010 0.000010 0.000010 0.999941
0.000014 0.000010 0.000010 0.000010 0.000010 0.999946
0.000010 0.000019 0.000010 0.000010 0.000010 0.999941
0.999939 0.000010 0.000013 0.000010 0.000017 0.000010
0.999950 0.000010 0.000010 0.000010 0.000010 0.000010
0.999947 0.000013 0.000010 0.000010 0.000010 0.000010
0.000010 0.984476 0.000010 0.015484 0.000010 0.000010
0.999950 0.000010 0.000010 0.000010 0.000010 0.000010
0.999950 0.000010 0.000010 0.000010 0.000010 0.000010
0.999950 0.000010 0.000010 0.000010 0.000010 0.000010
0.999950 0.000010 0.000010 0.000010 0.000010 0.000010
0.999950 0.000010 0.000010 0.000010 0.000010 0.000010
0.999950 0.000010 0.000010 0.000010 0.000010 0.000010
0.999950 0.000010 0.000010 0.000010 0.000010 0.000010
0.999950 0.000010 0.000010 0.000010 0.000010 0.000010
0.000010 0.221377 0.207754 0.527476 0.043374 0.000010
0.999950 0.000010 0.000010 0.000010 0.000010 0.000010
0.999950 0.000010 0.000010 0.000010 0.000010 0.000010
0.999950 0.000010 0.000010 0.000010 0.000010 0.000010
0.999950 0.000010 0.000010 0.000010 0.000010 0.000010
0.999950 0.000010 0.000010 0.000010 0.000010 0.000010
0.999950 0.000010 0.000010 0.000010 0.000010 0.000010
0.999950 0.000010 0.000010 0.000010 0.000010 0.000010
0.999950 0.000010 0.000010 0.000010 0.000010 0.000010
0.999950 0.000010 0.000010 0.000010 0.000010 0.000010
0.999950 0.000010 0.000010 0.000010 0.000010 0.000010
0.999950 0.000010 0.000010 0.000010 0.000010 0.000010
0.999950 0.000010 0.000010 0.000010 0.000010 0.000010
0.999950 0.000010 0.000010 0.000010 0.000010 0.000010
0.999950 0.000010 0.000010 0.000010 0.000010 0.000010
0.999950 0.000010 0.000010 0.000010 0.000010 0.000010
0.999950 0.000010 0.000010 0.000010 0.000010 0.000010
0.999950 0.000010 0.000010 0.000010 0.000010 0.000010
0.992816 0.000010 0.000010 0.000010 0.000010 0.007144
0.999950 0.000010 0.000010 0.000010 0.000010 0.000010
0.997565 0.000010 0.000010 0.000010 0.000010 0.002395
0.999950 0.000010 0.000010 0.000010 0.000010 0.000010
0.999334 0.000010 0.000010 0.000010 0.000010 0.000626
0.996617 0.000010 0.000010 0.000010 0.000010 0.003343
0.998309 0.000010 0.000010 0.000010 0.000010 0.001651
0.997507 0.000010 0.000010 0.000010 0.000010 0.002453
0.997007 0.000010 0.000010 0.000010 0.000010 0.002953
0.993898 0.000010 0.000010 0.000010 0.000010 0.006062
0.994865 0.000010 0.000010 0.000010 0.000010 0.005095
0.994592 0.000010 0.000010 0.000010 0.000010 0.005368
0.995304 0.000010 0.000010 0.000010 0.000010 0.004656
0.991570 0.000010 0.000010 0.000010 0.000010 0.008390
0.988171 0.000010 0.000010 0.000010 0.000010 0.011789
0.991878 0.000010 0.000010 0.000010 0.000010 0.008082
0.995135 0.000010 0.000010 0.000010 0.000010 0.004825
0.000010 0.999948 0.000010 0.000010 0.000012 0.000010
0.995344 0.000010 0.000010 0.000010 0.000010 0.004616
0.995045 0.000010 0.000010 0.000010 0.000010 0.004915
0.990491 0.000010 0.000010 0.000010 0.000010 0.009469
0.994091 0.000010 0.000010 0.000010 0.000010 0.005869
0.999089 0.000010 0.000010 0.000010 0.000010 0.000871
0.999950 0.000010 0.000010 0.000010 0.000010 0.000010
0.999950 0.000010 0.000010 0.000010 0.000010 0.000010
0.997444 0.000010 0.000010 0.000010 0.000010 0.002516
0.999950 0.000010 0.000010 0.000010 0.000010 0.000010
0.000010 0.000010 0.000010 0.000010 0.000010 0.999950
0.000010 0.000010 0.000010 0.000010 0.000010 0.999950
0.999950 0.000010 0.000010 0.000010 0.000010 0.000010
0.999950 0.000010 0.000010 0.000010 0.000010 0.000010
0.020601 0.083603 0.350443 0.524150 0.021193 0.000010
0.000010 0.682263 0.000010 0.253659 0.064047 0.000010
0.000010 0.999950 0.000010 0.000010 0.000010 0.000010
0.000010 0.002442 0.338556 0.575618 0.078763 0.004612
0.000010 0.018924 0.243290 0.629315 0.108452 0.000010
0.003535 0.073065 0.325523 0.560114 0.037753 0.000010
0.000010 0.079038 0.301056 0.594703 0.025183 0.000010
0.999950 0.000010 0.000010 0.000010 0.000010 0.000010
0.999950 0.000010 0.000010 0.000010 0.000010 0.000010
0.997201 0.000010 0.000010 0.000010 0.000010 0.002759
0.990228 0.000010 0.000010 0.000010 0.000010 0.009732
0.999950 0.000010 0.000010 0.000010 0.000010 0.000010
0.999950 0.000010 0.000010 0.000010 0.000010 0.000010
0.000010 0.792147 0.000012 0.000010 0.207811 0.000010
0.000010 0.000010 0.512438 0.487522 0.000010 0.000010
0.000010 0.000010 0.534244 0.462483 0.000010 0.003243
0.000010 0.000010 0.469063 0.530897 0.000010 0.000010
0.000010 0.000010 0.528042 0.471631 0.000010 0.000297
0.000010 0.000010 0.487206 0.512754 0.000010 0.000010
0.000010 0.000010 0.504259 0.495701 0.000010 0.000010
0.000010 0.000010 0.455474 0.544486 0.000010 0.000010
0.000013 0.000010 0.511069 0.486337 0.000010 0.002561
0.000010 0.000010 0.521014 0.478946 0.000010 0.000010
0.000010 0.000010 0.506565 0.488484 0.001378 0.003552
0.000010 0.000010 0.487372 0.512588 0.000010 0.000010
0.000010 0.000010 0.499544 0.500416 0.000010 0.000010
0.000010 0.000010 0.493097 0.506863 0.000010 0.000010
0.000010 0.000010 0.488415 0.509838 0.000010 0.001717
0.000010 0.001247 0.472254 0.514298 0.012181 0.000010
0.000010 0.000010 0.519868 0.473473 0.006629 0.000010
0.000010 0.000010 0.495006 0.504954 0.000010 0.000010
0.000010 0.000010 0.485612 0.514348 0.000010 0.000010
0.000015 0.000010 0.520047 0.479302 0.000010 0.000616
0.031353 0.061431 0.404684 0.478145 0.018854 0.005532
0.000010 0.000010 0.356808 0.516231 0.115215 0.011726
0.000010 0.192163 0.000010 0.117814 0.686598 0.003405
0.039673 0.066391 0.390518 0.471458 0.023538 0.008422
0.000010 0.256096 0.100430 0.591212 0.047535 0.004718
0.016544 0.007857 0.496590 0.446452 0.018529 0.014028
0.023081 0.042001 0.447659 0.469650 0.010363 0.007246
0.018315 0.004746 0.415360 0.464382 0.088472 0.008724
0.014603 0.000010 0.391067 0.496664 0.084191 0.013465
0.014159 0.000010 0.410015 0.484508 0.082412 0.008895
0.005030 0.000010 0.385272 0.508929 0.084447 0.016312
0.011659 0.002374 0.419451 0.481888 0.073934 0.010694
0.035365 0.064853 0.373195 0.491939 0.024556 0.010092
0.015588 0.010269 0.483026 0.458517 0.020060 0.012540
0.007966 0.000010 0.401097 0.504321 0.077516 0.009090
