0.000010 0.000010 0.692774 0.000010 0.307196
0.000010 0.000010 0.711276 0.000010 0.288694
0.000011 0.000010 0.046364 0.000010 0.953605
0.000010 0.000010 0.321334 0.000010 0.678636
0.000014 0.000010 0.166703 0.000010 0.833263
0.000010 0.000010 0.000010 0.000010 0.999960
0.867767 0.019421 0.076481 0.000010 0.036320
0.876520 0.021074 0.072973 0.000010 0.029423
0.857136 0.017933 0.078993 0.000010 0.045929
0.147095 0.669562 0.000010 0.114120 0.069213
0.148386 0.673186 0.000010 0.114679 0.063739
0.976762 0.000010 0.005312 0.000010 0.017906
0.976070 0.000010 0.000729 0.000010 0.023181
0.992531 0.000010 0.000010 0.000010 0.007439
0.993904 0.000010 0.000010 0.000010 0.006066
0.999256 0.000010 0.000010 0.000010 0.000714
0.984236 0.000011 0.000010 0.000010 0.015732
0.983522 0.000010 0.000010 0.000010 0.016448
0.980107 0.000010 0.000010 0.000010 0.019863
0.877239 0.012103 0.075283 0.000010 0.035366
0.874249 0.020539 0.068935 0.000010 0.036267
0.866921 0.019034 0.069292 0.000010 0.044743
0.870843 0.018058 0.069614 0.000010 0.041475
0.880554 0.022211 0.075718 0.000010 0.021507
0.838346 0.015826 0.096621 0.000010 0.049196
0.857472 0.010699 0.093103 0.000010 0.038716
0.841070 0.015834 0.096637 0.000010 0.046449
0.911881 0.006668 0.053779 0.000010 0.027662
0.882004 0.010144 0.074119 0.000010 0.033723
0.911302 0.004230 0.060226 0.000010 0.024232
0.902415 0.008757 0.061319 0.000010 0.027498
0.892194 0.011742 0.056804 0.000010 0.039250
0.912748 0.003268 0.051764 0.000010 0.032210
0.930595 0.000010 0.039932 0.000010 0.029453
0.965903 0.000010 0.017069 0.000409 0.016609
0.968535 0.000010 0.016419 0.000010 0.015026
0.961601 0.000083 0.013812 0.001305 0.023200
0.000010 0.000010 0.000010 0.999960 0.000010
0.966408 0.000010 0.006798 0.000010 0.026774
0.884774 0.017287 0.072424 0.000010 0.025505
0.000010 0.000010 0.000010 0.999960 0.000010
0.000010 0.000018 0.000010 0.999952 0.000010
0.866922 0.020386 0.086187 0.000010 0.026494
0.869522 0.020258 0.075979 0.000010 0.034231
0.958686 0.000010 0.011844 0.000010 0.029450
0.954546 0.000010 0.003683 0.000010 0.041751
0.963224 0.000010 0.000010 0.000010 0.036746
0.956555 0.000010 0.008444 0.000010 0.034981
0.928745 0.000010 0.015421 0.000010 0.055814
0.973967 0.000010 0.000010 0.000010 0.026003
0.951044 0.000017 0.008193 0.000010 0.040736
0.965873 0.000010 0.003857 0.000010 0.030250
0.954221 0.000010 0.012235 0.000010 0.033524
0.968464 0.000010 0.002497 0.000010 0.029020
0.953977 0.000010 0.007550 0.000010 0.038453
0.963839 0.000010 0.003159 0.000010 0.032983
0.936618 0.000010 0.016603 0.000010 0.046759
0.981173 0.000010 0.000010 0.000010 0.018797
0.958752 0.000010 0.012118 0.000010 0.029111
0.950485 0.000010 0.013872 0.000010 0.035623
0.977303 0.000010 0.000010 0.000010 0.022667
0.986944 0.000010 0.010895 0.000010 0.002141
0.975476 0.000010 0.001196 0.000251 0.023067
0.969694 0.000010 0.007403 0.000376 0.022516
0.874177 0.018695 0.065652 0.000010 0.041466
0.869435 0.016062 0.081777 0.000010 0.032717
0.943597 0.008215 0.016455 0.000010 0.031723
0.938283 0.014458 0.018063 0.000010 0.029186
0.993423 0.000010 0.000010 0.002641 0.003916
0.000010 0.000010 0.326378 0.000010 0.673592
0.000010 0.000010 0.329579 0.000010 0.670391
0.000010 0.000010 0.329641 0.000010 0.670329
0.999341 0.000010 0.000010 0.000629 0.000010
0.996614 0.000010 0.000010 0.003356 0.000010
0.999960 0.000010 0.000010 0.000010 0.000010
0.999755 0.000010 0.000010 0.000215 0.000010
0.998192 0.000010 0.000010 0.001778 0.000010
0.999526 0.000010 0.000010 0.000444 0.000010
0.998242 0.000010 0.000010 0.001728 0.000010
0.999380 0.000010 0.000010 0.000590 0.000010
0.999960 0.000010 0.000010 0.000010 0.000010
0.999107 0.000010 0.000010 0.000863 0.000010
0.999960 0.000010 0.000010 0.000010 0.000010
0.999960 0.000010 0.000010 0.000010 0.000010
0.996371 0.000010 0.003343 0.000010 0.000266
0.999960 0.000010 0.000010 0.000010 0.000010
0.999638 0.000010 0.000010 0.000332 0.000010
0.995861 0.000010 0.000010 0.004109 0.000010
0.998226 0.000010 0.000010 0.001744 0.000010
0.999960 0.000010 0.000010 0.000010 0.000010
0.999580 0.000010 0.000010 0.000390 0.000010
0.999032 0.000010 0.000010 0.000938 0.000010
0.877090 0.020469 0.058463 0.000010 0.043968
0.854435 0.023234 0.077102 0.000010 0.045219
0.504278 0.000010 0.374312 0.000010 0.121390
0.000010 0.000010 0.999960 0.000010 0.000010
0.000010 0.000010 0.999960 0.000010 0.000010
0.970504 0.000010 0.006208 0.000010 0.023268
0.938576 0.000010 0.017404 0.000010 0.044000
0.967564 0.000010 0.004037 0.000010 0.028379
0.937516 0.000010 0.021592 0.000010 0.040872
0.967729 0.000010 0.009260 0.000010 0.022990
0.966542 0.000010 0.013052 0.000010 0.020386
0.950964 0.000010 0.010458 0.031944 0.006624
0.968270 0.000010 0.007254 0.000010 0.024456
0.972228 0.000010 0.006023 0.000010 0.021730
0.961617 0.000010 0.013769 0.000010 0.024594
0.000010 0.999960 0.000010 0.000010 0.000010
0.227106 0.000010 0.547184 0.000010 0.225690
0.225012 0.000010 0.549172 0.000010 0.225796
0.209187 0.000010 0.576156 0.000010 0.214638
0.201239 0.000010 0.573665 0.000010 0.225076
0.000010 0.000010 0.711878 0.000010 0.288092
0.000010 0.000010 0.725352 0.000010 0.274618
0.000010 0.000010 0.699704 0.000010 0.300266
0.000010 0.000010 0.717054 0.000010 0.282916
0.000010 0.000010 0.000010 0.000010 0.999960
0.000010 0.000010 0.000010 0.000010 0.999960
0.482769 0.000010 0.099025 0.000010 0.418186
0.000010 0.000010 0.000010 0.000010 0.999960
0.000010 0.000010 0.687185 0.000010 0.312785
0.000010 0.000010 0.710993 0.000010 0.288977
0.000010 0.000010 0.727471 0.000010 0.272499
0.000010 0.000010 0.678007 0.000010 0.321963
0.000010 0.000010 0.703334 0.000010 0.296636
0.000010 0.000010 0.717260 0.000010 0.282710
0.000010 0.000010 0.711176 0.000010 0.288794
0.000010 0.000010 0.716579 0.000010 0.283391
0.000010 0.000010 0.710147 0.000010 0.289823
0.000010 0.000010 0.706126 0.000010 0.293844
0.000010 0.000010 0.576740 0.000010 0.423230
0.000010 0.000010 0.727164 0.000010 0.272806
0.000010 0.000010 0.706131 0.000010 0.293839
0.000010 0.000010 0.000010 0.000010 0.999960
0.000010 0.000010 0.000010 0.000010 0.999960
0.000010 0.000010 0.000010 0.000010 0.999960
0.477965 0.000010 0.089501 0.000010 0.432514
0.464362 0.000010 0.054427 0.000010 0.481191
0.468478 0.000010 0.032551 0.000010 0.498951
0.000010 0.000010 0.000010 0.000010 0.999960
0.000010 0.000010 0.000010 0.000010 0.999960
0.000010 0.000010 0.705087 0.000010 0.294883
0.000010 0.000010 0.696750 0.000010 0.303220
0.000010 0.000010 0.706861 0.000010 0.293109
0.000010 0.000010 0.659114 0.000010 0.340856
0.000010 0.000010 0.718499 0.000010 0.281471
0.000010 0.000010 0.714887 0.000010 0.285083
0.000012 0.000010 0.707339 0.000010 0.292629
0.000010 0.000010 0.839286 0.000010 0.160684
0.591594 0.000010 0.329483 0.000010 0.078903
0.572094 0.000010 0.329222 0.000010 0.098664
0.584161 0.000010 0.325425 0.000010 0.090394
0.593823 0.000010 0.325516 0.000010 0.080641
0.000010 0.000010 0.959732 0.000010 0.040238
0.000010 0.000010 0.955002 0.000010 0.044968
0.000010 0.000010 0.999960 0.000010 0.000010
0.000010 0.000010 0.975913 0.000010 0.024057
0.000011 0.000010 0.869161 0.000010 0.130807
0.000010 0.000010 0.849803 0.000010 0.150167
0.000010 0.000010 0.803423 0.000010 0.196547
0.000010 0.000010 0.806680 0.000010 0.193290
0.000010 0.000010 0.796929 0.000010 0.203041
0.000010 0.000010 0.786055 0.000010 0.213915
0.864876 0.023868 0.064943 0.000010 0.046303
0.702235 0.000010 0.060581 0.000010 0.237164
0.077901 0.000010 0.862700 0.000010 0.059380
0.000010 0.000010 0.999960 0.000010 0.000010
0.858513 0.024086 0.066008 0.000010 0.051384
0.781163 0.008466 0.152098 0.000010 0.058262
0.850636 0.033347 0.071259 0.000010 0.044748
0.637056 0.000010 0.276418 0.000010 0.086506
0.000010 0.000010 0.999960 0.000010 0.000010
0.000010 0.000010 0.808398 0.000010 0.191572
0.000010 0.000010 0.800462 0.000010 0.199508
0.000010 0.000010 0.803082 0.000010 0.196888
0.000010 0.000010 0.854054 0.000010 0.145916
0.867153 0.000010 0.062776 0.000010 0.070051
0.000010 0.000010 0.999960 0.000010 0.000010
0.000010 0.000010 0.999960 0.000010 0.000010
0.000011 0.000010 0.999959 0.000010 0.000010
0.000010 0.000010 0.999960 0.000010 0.000010
0.000010 0.000010 0.999960 0.000010 0.000010
0.000010 0.000010 0.999960 0.000010 0.000010
0.000010 0.000010 0.999960 0.000010 0.000010
0.003017 0.000010 0.930056 0.000010 0.066907
0.468964 0.000010 0.398054 0.000010 0.132962
0.625475 0.000010 0.279858 0.000010 0.094648
0.649720 0.000016 0.262909 0.000010 0.087345
0.578609 0.000010 0.326090 0.000010 0.095281
0.444145 0.000010 0.403486 0.000010 0.152349
0.000010 0.999960 0.000010 0.000010 0.000010
0.851166 0.004477 0.076758 0.000010 0.067589
0.927074 0.013508 0.023274 0.000010 0.036134
0.000010 0.000017 0.000010 0.999953 0.000010
0.000010 0.000010 0.000010 0.999960 0.000010
0.000010 0.000014 0.000010 0.999956 0.000010
0.000010 0.000010 0.000010 0.999960 0.000010
0.000010 0.999960 0.000010 0.000010 0.000010
0.000010 0.999960 0.000010 0.000010 0.000010
0.000010 0.999960 0.000010 0.000010 0.000010
0.000010 0.000010 0.999960 0.000010 0.000010
0.000010 0.999960 0.000010 0.000010 0.000010
0.000010 0.999960 0.000010 0.000010 0.000010
0.000010 0.999960 0.000010 0.000010 0.000010
0.000010 0.999960 0.000010 0.000010 0.000010
0.000010 0.999960 0.000010 0.000010 0.000010
0.000010 0.999960 0.000010 0.000010 0.000010
0.000010 0.999960 0.000010 0.000010 0.000010
0.000010 0.999960 0.000010 0.000010 0.000010
0.686183 0.000010 0.235294 0.000010 0.078503
0.000010 0.999960 0.000010 0.000010 0.000010
0.000010 0.999960 0.000010 0.000010 0.000010
0.000010 0.999960 0.000010 0.000010 0.000010
0.000010 0.999960 0.000010 0.000010 0.000010
0.000010 0.999960 0.000010 0.000010 0.000010
0.000010 0.999960 0.000010 0.000010 0.000010
0.000010 0.999960 0.000010 0.000010 0.000010
0.000010 0.999960 0.000010 0.000010 0.000010
0.000010 0.999960 0.000010 0.000010 0.000010
0.000010 0.999960 0.000010 0.000010 0.000010
0.000010 0.999960 0.000010 0.000010 0.000010
0.000010 0.999960 0.000010 0.000010 0.000010
0.000010 0.999960 0.000010 0.000010 0.000010
0.000010 0.999960 0.000010 0.000010 0.000010
0.000010 0.999960 0.000010 0.000010 0.000010
0.000010 0.999960 0.000010 0.000010 0.000010
0.000010 0.999960 0.000010 0.000010 0.000010
0.000010 0.992817 0.000010 0.007153 0.000010
0.000010 0.999960 0.000010 0.000010 0.000010
0.000010 0.997559 0.000010 0.002411 0.000010
0.000010 0.999960 0.000010 0.000010 0.000010
0.000010 0.999329 0.000010 0.000641 0.000010
0.000010 0.996612 0.000010 0.003358 0.000010
0.000010 0.998304 0.000010 0.001666 0.000010
0.000010 0.997502 0.000010 0.002468 0.000010
0.000010 0.997002 0.000010 0.002968 0.000010
0.000010 0.993895 0.000010 0.006075 0.000010
0.000010 0.994860 0.000010 0.005110 0.000010
0.000010 0.994589 0.000010 0.005381 0.000010
0.000010 0.995297 0.000010 0.004673 0.000010
0.000010 0.991569 0.000010 0.008401 0.000010
0.000010 0.988169 0.000010 0.011801 0.000010
0.000010 0.991880 0.000010 0.008090 0.000010
0.000010 0.995129 0.000010 0.004841 0.000010
0.000010 0.000010 0.999960 0.000010 0.000010
0.000013 0.995336 0.000010 0.004632 0.000010
0.000010 0.995037 0.000011 0.004932 0.000010
0.000016 0.990484 0.000010 0.009480 0.000010
0.000013 0.994083 0.000010 0.005884 0.000010
0.000010 0.999082 0.000010 0.000888 0.000010
0.000010 0.999960 0.000010 0.000010 0.000010
0.000010 0.999960 0.000010 0.000010 0.000010
0.000010 0.997437 0.000010 0.002533 0.000010
0.000010 0.999960 0.000010 0.000010 0.000010
0.000010 0.000010 0.000010 0.999960 0.000010
0.000010 0.000010 0.000010 0.999960 0.000010
0.000010 0.999960 0.000010 0.000010 0.000010
0.000010 0.999960 0.000010 0.000010 0.000010
0.832466 0.021009 0.095184 0.000010 0.051331
0.206763 0.000010 0.695764 0.000010 0.097452
0.000010 0.000010 0.999960 0.000010 0.000010
0.867047 0.000010 0.018322 0.003198 0.111423
0.814728 0.000010 0.038411 0.000010 0.146841
0.833025 0.009282 0.085576 0.000010 0.072107
0.842683 0.002916 0.093474 0.000010 0.060918
0.000010 0.999960 0.000010 0.000010 0.000010
0.000010 0.999960 0.000010 0.000010 0.000010
0.000010 0.997194 0.000011 0.002775 0.000010
0.000010 0.990229 0.000010 0.009741 0.000010
0.000010 0.999960 0.000010 0.000010 0.000010
0.000010 0.999960 0.000010 0.000010 0.000010
0.000010 0.000010 0.793610 0.000010 0.206360
0.980876 0.000010 0.000010 0.000010 0.019094
0.969960 0.000010 0.009261 0.003447 0.017323
0.987474 0.000010 0.000010 0.000010 0.012496
0.975695 0.000010 0.006366 0.000287 0.017642
0.989969 0.000010 0.000010 0.000010 0.010001
0.974795 0.000010 0.000010 0.000010 0.025175
0.996802 0.000010 0.000010 0.000010 0.003168
0.972722 0.000010 0.000010 0.002367 0.024891
0.982357 0.000010 0.004728 0.000010 0.012896
0.961721 0.000010 0.008215 0.003450 0.026603
0.985838 0.000010 0.000010 0.000010 0.014132
0.981302 0.000010 0.000010 0.000010 0.018668
0.978518 0.000010 0.000010 0.000010 0.021452
0.972130 0.000010 0.000010 0.001293 0.026557
0.949307 0.000010 0.013076 0.000010 0.037597
0.962886 0.000010 0.001833 0.000010 0.035262
0.988791 0.000010 0.000010 0.000010 0.011179
0.982502 0.000010 0.000010 0.000010 0.017468
0.971003 0.000010 0.012700 0.000587 0.015700
0.848365 0.031798 0.071023 0.005156 0.043658
0.833924 0.000488 0.000010 0.010981 0.154597
0.080844 0.000010 0.202340 0.005235 0.711571
0.826283 0.040191 0.074470 0.007999 0.051057
0.621702 0.011133 0.274752 0.002610 0.089803
0.914390 0.016908 0.015465 0.014101 0.039136
0.884424 0.023574 0.049738 0.007053 0.035212
0.844432 0.019049 0.014592 0.008365 0.113563
0.850669 0.015964 0.006030 0.012533 0.114804
0.858862 0.015522 0.006713 0.008203 0.110700
0.852406 0.010106 0.004042 0.014559 0.118887
0.864321 0.013538 0.012002 0.010090 0.100049
0.827723 0.036019 0.074674 0.009452 0.052132
0.911858 0.015855 0.019455 0.012425 0.040406
0.865440 0.012084 0.005110 0.007866 0.109500
