0.902839 0.006671 0.090490
0.996749 0.000010 0.003241
0.999980 0.000010 0.000010
0.952377 0.002781 0.044842
0.963617 0.000104 0.036279
0.809273 0.010120 0.180607
0.969217 0.002882 0.027901
0.965165 0.004887 0.029948
0.948625 0.005902 0.045473
0.999980 0.000010 0.000010
0.999980 0.000010 0.000010
0.995158 0.004832 0.000010
0.997282 0.002708 0.000010
0.999980 0.000010 0.000010
0.999980 0.000010 0.000010
0.967752 0.006372 0.025876
0.941014 0.008124 0.050862
0.933898 0.014322 0.051781
0.947985 0.010090 0.041925
0.910377 0.008053 0.081570
0.942888 0.004225 0.052886
0.999101 0.000889 0.000010
0.869336 0.020814 0.109850
0.000010 0.999980 0.000010
0.881301 0.011175 0.107524
0.000010 0.999980 0.000010
0.865183 0.020931 0.113886
0.952377 0.002972 0.044651
0.831021 0.016650 0.152329
0.828224 0.011611 0.160164
0.592385 0.004652 0.402964
0.221788 0.000123 0.778089
0.204785 0.000010 0.795205
0.246110 0.000010 0.753880
0.000010 0.000010 0.999980
0.606929 0.009080 0.383991
0.622362 0.009811 0.367828
0.626094 0.005408 0.368498
0.608081 0.003414 0.388505
0.606771 0.011177 0.382052
0.609415 0.005929 0.384655
0.618080 0.003445 0.378475
0.622148 0.007970 0.369883
0.597185 0.013004 0.389810
0.597193 0.004497 0.398309
0.615650 0.000010 0.384340
0.000010 0.000010 0.999980
0.000010 0.000010 0.999980
0.000010 0.000010 0.999980
0.000010 0.000010 0.999980
0.000010 0.000010 0.999980
0.000010 0.000010 0.999980
0.406071 0.006074 0.587855
0.307643 0.000010 0.692347
0.000010 0.000010 0.999980
0.000010 0.000010 0.999980
0.999978 0.000012 0.000010
0.999980 0.000010 0.000010
0.994703 0.005287 0.000010
0.999980 0.000010 0.000010
0.480877 0.006532 0.512592
0.607446 0.005734 0.386820
0.838821 0.001245 0.159934
0.937759 0.011533 0.050708
