0.846644 0.134409 0.018937 0.000010
0.986521 0.000010 0.000010 0.013459
0.999970 0.000010 0.000010 0.000010
0.908413 0.083374 0.008203 0.000010
0.934111 0.049027 0.004711 0.012151
0.720087 0.254612 0.025291 0.000010
0.967787 0.000010 0.000543 0.031660
0.935933 0.056953 0.007104 0.000010
0.904953 0.056612 0.023261 0.015174
0.999970 0.000010 0.000010 0.000010
0.999970 0.000010 0.000010 0.000010
0.995408 0.000010 0.004572 0.000010
0.999970 0.000010 0.000010 0.000010
0.999368 0.000010 0.000010 0.000612
0.995531 0.000010 0.000010 0.004449
0.958723 0.000010 0.010679 0.030588
0.920756 0.029221 0.016959 0.033064
0.897294 0.066416 0.025636 0.010654
0.945930 0.000010 0.013162 0.040897
0.866613 0.117911 0.015467 0.000010
0.889479 0.099435 0.011076 0.000010
0.988769 0.000010 0.000010 0.011211
0.794293 0.155972 0.049725 0.000010
0.000010 0.000010 0.999970 0.000010
0.825711 0.149363 0.024917 0.000010
0.000010 0.000010 0.999970 0.000010
0.000010 0.000010 0.999970 0.000010
0.905777 0.086149 0.008064 0.000010
0.754775 0.211106 0.034109 0.000010
0.752100 0.224328 0.023562 0.000010
0.500018 0.478271 0.007880 0.013830
0.000010 0.999970 0.000010 0.000010
0.000010 0.999970 0.000010 0.000010
0.000010 0.999970 0.000010 0.000010
0.000014 0.774466 0.000010 0.225509
0.518222 0.473075 0.008693 0.000010
0.525609 0.458496 0.015886 0.000010
0.529784 0.457689 0.012517 0.000010
0.515963 0.477904 0.006122 0.000010
0.520939 0.456704 0.013978 0.008379
0.516240 0.483740 0.000010 0.000010
0.527974 0.472006 0.000010 0.000010
0.532956 0.434818 0.018714 0.013512
0.506757 0.479834 0.013400 0.000010
0.500134 0.492522 0.007334 0.000010
0.516654 0.483326 0.000010 0.000010
0.000010 0.000010 0.000010 0.999970
0.000010 0.000010 0.000010 0.999970
0.000010 0.593755 0.000010 0.406225
0.000010 0.000010 0.000010 0.999970
0.000010 0.554866 0.000010 0.445114
0.000010 0.999970 0.000010 0.000010
0.315640 0.556064 0.009455 0.118841
0.000010 0.999970 0.000010 0.000010
0.000010 0.000010 0.000010 0.999970
0.000010 0.799706 0.000010 0.200274
0.999970 0.000010 0.000010 0.000010
0.999784 0.000010 0.000010 0.000196
0.996566 0.000010 0.002603 0.000821
0.992414 0.000010 0.000010 0.007566
0.394493 0.492998 0.012681 0.099828
0.504860 0.483229 0.011901 0.000010
0.765470 0.222081 0.012439 0.000010
0.890538 0.082036 0.027416 0.000010
